,Biomass,Fossil Gas,Hydro Run-of-river and poundage,Solar,Waste,Wind Onshore,Hydro Water Reservoir,Generation,Storage Discharge,Storage Charge,Demand,Total Generation,Total Load,Net Export
2026-01-01 00:00:00+00:00,0.0,0.439999,1266.1012234999998,0.0,18.207329,248.7108565,734.1489877500001,2267.60839575,0.0,0.0,4763.3275,2267.60839575,4763.3275,-2495.7191042500003
2026-01-01 01:00:00+00:00,0.0,0.439999,1262.8746740000001,0.0,17.84523,221.0132435,669.2166997500001,2171.38984625,0.0,0.0,4710.575,2171.38984625,4710.575,-2539.1851537499997
2026-01-01 02:00:00+00:00,0.0,0.439999,1263.76594675,0.0,18.87654725,130.8441705,578.6271937500001,1992.55385725,0.0,0.0,4649.9625,1992.55385725,4649.9625,-2657.4086427499997
2026-01-01 03:00:00+00:00,0.0,0.439999,1264.08032575,0.0,17.5627505,71.8556085,564.21057025,1918.149254,0.0,0.0,4605.3375,1918.149254,4605.3375,-2687.1882459999997
2026-01-01 04:00:00+00:00,0.0,0.439999,1258.64784225,0.0,17.38477225,31.481107,552.2224515,1860.176172,0.0,0.0,4620.335,1860.176172,4620.335,-2760.158828
2026-01-01 05:00:00+00:00,0.0,0.439999,1266.172293,0.0,19.19994775,18.0033645,561.29262375,1865.108228,0.0,0.0,4777.7225,1865.108228,4777.7225,-2912.614272
2026-01-01 06:00:00+00:00,0.0,0.439999,1278.91918975,0.0,21.048185,8.951601,479.15368424999997,1788.512659,0.0,0.0,4896.8275,1788.512659,4896.8275,-3108.3148410000003
2026-01-01 07:00:00+00:00,0.0,0.439999,1283.0631735,0.0,21.061311,0.74963875,470.796918,1776.1110402499999,0.0,0.0,4989.17,1776.1110402499999,4989.17,-3213.05895975
2026-01-01 08:00:00+00:00,0.0,0.439999,1279.75464775,0.0,21.868508249999998,0.2631185,497.67800975,1800.00428325,0.0,0.0,5091.6775,1800.00428325,5091.6775,-3291.6732167499995
2026-01-01 09:00:00+00:00,0.0,0.439999,1278.25828675,0.5409995,20.99335825,8.05072375,413.38196675,1721.665334,0.0,0.0,5190.4175,1721.665334,5190.4175,-3468.7521659999993
2026-01-01 10:00:00+00:00,0.0,0.439999,1283.9703077499998,0.64137025,20.79545975,12.5523955,479.0014275,1797.4009597499999,0.0,0.0,5295.4974999999995,1797.4009597499999,5295.4974999999995,-3498.0965402499996
2026-01-01 11:00:00+00:00,0.0,0.439999,1278.51985375,0.70958575,20.216224,18.7538015,526.35734925,1844.99681325,0.0,0.0,5387.825,1844.99681325,5387.825,-3542.82818675
2026-01-01 12:00:00+00:00,0.0,0.439999,1275.238475,0.461991,19.371904,38.3225505,522.7962305,1856.6311500000002,0.0,0.0,5480.335,1856.6311500000002,5480.335,-3623.70385
2026-01-01 13:00:00+00:00,0.0,0.439999,1275.2860375,0.259909,18.36934475,58.84042075,625.681324,1978.877035,0.0,0.0,5560.75,1978.877035,5560.75,-3581.872965
2026-01-01 14:00:00+00:00,0.0,0.439999,1267.41010275,0.00043525,17.3333685,52.60556525,756.87077775,2094.6602485,0.0,0.0,5658.89,2094.6602485,5658.89,-3564.2297515000005
2026-01-01 15:00:00+00:00,0.0,0.439999,1270.0164685,0.0,16.734132250000002,63.01534325,769.72119425,2119.9271372499998,0.0,0.0,5763.4675,2119.9271372499998,5763.4675,-3643.54036275
2026-01-01 16:00:00+00:00,0.0,0.439999,1271.9979435,0.0,15.211348749999999,75.9676305,793.81940175,2157.4363235,0.0,0.0,5754.96,2157.4363235,5754.96,-3597.5236765
2026-01-01 17:00:00+00:00,0.0,0.439999,1265.3433525,0.0,17.201386749999998,85.53861275,814.6212644999999,2183.1446155,0.0,0.0,5670.585,2183.1446155,5670.585,-3487.4403845
2026-01-01 18:00:00+00:00,0.0,0.439999,1256.526147,0.0,16.3623725,118.06174975,745.57340275,2136.963671,0.0,0.0,5589.33,2136.963671,5589.33,-3452.366329
2026-01-01 19:00:00+00:00,0.0,0.439999,1253.9377005000001,0.0,17.655604,162.4121485,766.39425875,2200.83971075,0.0,0.0,5476.0425,2200.83971075,5476.0425,-3275.2027892499996
2026-01-01 20:00:00+00:00,0.0,0.439999,1249.5934997499999,0.0,17.81805225,181.063086,727.68681925,2176.60145625,0.0,0.0,5407.705,2176.60145625,5407.705,-3231.10354375
2026-01-01 21:00:00+00:00,0.0,0.439999,1248.7039845,0.0,17.94878025,181.368978,724.2520965,2172.7138382499998,0.0,0.0,5303.0575,2172.7138382499998,5303.0575,-3130.34366175
2026-01-01 22:00:00+00:00,0.0,0.439999,1245.3052565,0.0,17.22433425,190.5426915,665.83135975,2119.3436410000004,0.0,0.0,5237.46,2119.3436410000004,5237.46,-3118.1163589999996
2026-01-01 23:00:00+00:00,0.0,0.439999,1251.69514025,0.0,17.26822975,193.30720875,528.61021425,1991.320792,0.0,0.0,5135.952499999999,1991.320792,5135.952499999999,-3144.6317079999994
2026-01-02 00:00:00+00:00,0.0,0.439999,1259.483191,0.0,16.74014125,199.31485575,531.85863475,2007.8368217500001,0.0,0.0,5047.415,2007.8368217500001,5047.415,-3039.57817825
2026-01-02 01:00:00+00:00,0.0,0.439999,1265.2336345,0.0,16.73358725,221.61081675,467.7914055,1971.809443,0.0,0.0,5034.7675,1971.809443,5034.7675,-3062.958057
2026-01-02 02:00:00+00:00,0.0,0.439999,1271.664404,0.0,17.941317,231.11818475,547.1686677499999,2068.3325725,0.0,0.0,5044.0025000000005,2068.3325725,5044.0025000000005,-2975.6699275000005
2026-01-02 03:00:00+00:00,0.0,0.439999,1274.6093087499999,0.0,16.53065175,230.29709175,504.482474,2026.35952525,0.0,0.0,5093.1525,2026.35952525,5093.1525,-3066.79297475
2026-01-02 04:00:00+00:00,0.0,0.439999,1273.83479825,0.0,17.473286,223.818408,496.008608,2011.5750992499998,0.0,0.0,5247.57,2011.5750992499998,5247.57,-3235.99490075
2026-01-02 05:00:00+00:00,0.0,0.439999,1276.7291195,0.0,19.416402,221.838044,526.17267925,2044.5962437500002,0.0,0.0,5579.985,2044.5962437500002,5579.985,-3535.3887562499995
2026-01-02 06:00:00+00:00,0.0,0.439999,1272.531063,0.0,19.118737499999998,227.33660650000002,603.74063675,2123.16704275,0.0,0.0,5892.1075,2123.16704275,5892.1075,-3768.9404572500002
2026-01-02 07:00:00+00:00,0.0,0.439999,1269.249344,0.0,17.71052725,219.49897725,664.45240625,2171.35125375,0.0,0.0,6090.8325,2171.35125375,6090.8325,-3919.4812462500004
2026-01-02 08:00:00+00:00,0.0,0.439999,1266.27079775,0.0,15.39631025,214.016739,747.7721887499999,2243.8960347499997,0.0,0.0,6236.07,2243.8960347499997,6236.07,-3992.17396525
2026-01-02 09:00:00+00:00,0.0,0.439999,1266.7672969999999,0.3704555,15.48593475,223.42939575,841.75015075,2348.2432327499996,0.0,0.0,6409.745,2348.2432327499996,6409.745,-4061.5017672500003
2026-01-02 10:00:00+00:00,0.0,0.439999,1260.3887622500001,0.47644525,14.177535500000001,217.939377,802.5700185000001,2295.9921375000004,0.0,0.0,6534.27,2295.9921375000004,6534.27,-4238.2778625
2026-01-02 11:00:00+00:00,0.0,0.439999,1270.822032,0.5499015,15.2162465,218.12270625,867.452359,2372.60324425,0.0,0.0,6630.405,2372.60324425,6630.405,-4257.80175575
2026-01-02 12:00:00+00:00,0.0,0.439999,1286.7514085,0.45193500000000003,12.7528545,225.8656565,761.8665834999999,2288.1284370000003,0.0,0.0,6653.6025,2288.1284370000003,6653.6025,-4365.474063
2026-01-02 13:00:00+00:00,0.0,0.439999,1283.50763275,0.32734199999999997,13.37468975,233.7148475,968.070483,2499.434994,0.0,0.0,6689.9375,2499.434994,6689.9375,-4190.502506
2026-01-02 14:00:00+00:00,0.0,0.439999,1292.45182725,0.0003225,13.05396275,231.64403275,1049.33259575,2586.92274,0.0,0.0,6744.45,2586.92274,6744.45,-4157.52726
2026-01-02 15:00:00+00:00,0.0,0.439999,1286.3409025,0.0,12.0151175,226.81414825000002,1117.4558735,2643.06604075,0.0,0.0,6795.3125,2643.06604075,6795.3125,-4152.24645925
2026-01-02 16:00:00+00:00,0.0,0.439999,1284.62787975,0.0,13.51226475,226.861021,1104.798868,2630.2400325,0.0,0.0,6741.5875,2630.2400325,6741.5875,-4111.3474675
2026-01-02 17:00:00+00:00,0.0,0.439999,1283.2490435,0.0,12.97082,224.61199675,1129.02261075,2650.29447,0.0,0.0,6626.9025,2650.29447,6626.9025,-3976.6080300000003
2026-01-02 18:00:00+00:00,0.0,0.439999,1272.25075925,0.0,12.68522325,229.76677974999998,1051.8919875,2567.0347487500003,0.0,0.0,6547.055,2567.0347487500003,6547.055,-3980.02025125
2026-01-02 19:00:00+00:00,0.0,0.439999,1277.304855,0.0,14.292549,231.39133175,1005.37799575,2528.8067305,0.0,0.0,6408.9725,2528.8067305,6408.9725,-3880.1657695
2026-01-02 20:00:00+00:00,0.0,0.439999,1278.017687,0.0,14.2951825,231.71148975,1068.5348085,2592.99916675,0.0,0.0,6253.76,2592.99916675,6253.76,-3660.7608332500004
2026-01-02 21:00:00+00:00,0.0,0.439999,1269.0188134999999,0.0,15.50046875,230.614917,1049.8852685,2565.4594667499996,0.0,0.0,6087.7625,2565.4594667499996,6087.7625,-3522.30303325
2026-01-02 22:00:00+00:00,0.0,0.439999,1262.5548254999999,0.0,16.288609,231.34116225,1039.23878025,2549.863376,0.0,0.0,5920.185,2549.863376,5920.185,-3370.3216240000006
2026-01-02 23:00:00+00:00,0.0,0.439999,1265.9585849999999,0.0,16.280552999999998,231.33694350000002,1037.01688425,2551.03296475,0.0,0.0,5733.8775000000005,2551.03296475,5733.8775000000005,-3182.8445352500007
2026-01-03 00:00:00+00:00,0.0,0.439999,1246.87718175,0.0,16.07786575,227.41703,948.97249475,2439.78457125,0.0,0.0,5630.9725,2439.78457125,5630.9725,-3191.1879287499996
2026-01-03 01:00:00+00:00,0.0,0.439999,1226.39161075,0.0,15.75323025,218.52628825,892.715924,2353.8270522499997,0.0,0.0,5554.2625,2353.8270522499997,5554.2625,-3200.43544775
2026-01-03 02:00:00+00:00,0.0,0.439999,1220.402308,0.0,16.296288750000002,223.96551300000002,920.22757675,2381.3316855000003,0.0,0.0,5508.094999999999,2381.3316855000003,5508.094999999999,-3126.763314499999
2026-01-03 03:00:00+00:00,0.0,0.439999,1218.00874075,0.0,15.617104000000001,223.49283325,923.56978875,2381.12846575,0.0,0.0,5478.02,2381.12846575,5478.02,-3096.8915342500004
2026-01-03 04:00:00+00:00,0.0,0.439999,1236.202755,0.0,15.7018735,226.0309255,923.8317225000001,2402.2072755,0.0,0.0,5502.27,2402.2072755,5502.27,-3100.0627245000005
2026-01-03 05:00:00+00:00,0.0,0.439999,1244.85972075,0.0,17.2318075,228.614181,863.6496285000001,2354.79533675,0.0,0.0,5626.7575,2354.79533675,5626.7575,-3271.96216325
2026-01-03 06:00:00+00:00,0.0,0.439999,1245.16486475,0.0,17.782279000000003,229.4996155,937.38820025,2430.2749585,0.0,0.0,5702.4375,2430.2749585,5702.4375,-3272.1625415
2026-01-03 07:00:00+00:00,0.0,0.439999,1255.3473275000001,0.0,17.77988925,229.5729255,979.1242555,2482.26439675,0.0,0.0,5902.96,2482.26439675,5902.96,-3420.69560325
2026-01-03 08:00:00+00:00,0.0,0.439999,1262.92247525,0.0,16.47184225,230.541258,1080.9039942499999,2591.2795687499997,0.0,0.0,6095.7175,2591.2795687499997,6095.7175,-3504.43793125
2026-01-03 09:00:00+00:00,0.0,0.439999,1266.23501425,0.57175825,16.07469225,230.42408925,1132.6856955,2646.4312485,0.0,0.0,6279.11,2646.4312485,6279.11,-3632.6787514999996
2026-01-03 10:00:00+00:00,0.0,0.439999,1254.522046,0.48347875,15.946206,230.64077749999998,1089.111283,2591.14379025,0.0,0.0,6456.5175,2591.14379025,6456.5175,-3865.3737097499998
2026-01-03 11:00:00+00:00,0.0,0.439999,1243.5418022499998,0.61434625,15.35110675,229.54446275,1084.4353015000002,2573.9270185,0.0,0.0,6553.5875,2573.9270185,6553.5875,-3979.6604814999996
2026-01-03 12:00:00+00:00,0.0,0.439999,1240.6645445,0.43543075,13.4059515,230.48654175000001,1076.945804,2562.3782714999998,0.0,0.0,6572.1225,2562.3782714999998,6572.1225,-4009.7442285000006
2026-01-03 13:00:00+00:00,0.0,0.439999,1242.520112,0.38060525,14.31028825,230.85051049999998,1155.892401,2644.393916,0.0,0.0,6572.1849999999995,2644.393916,6572.1849999999995,-3927.7910839999995
2026-01-03 14:00:00+00:00,0.0,0.439999,1251.0056359999999,0.00052525,13.966277,234.62339075,1228.7708105,2728.8066384999997,0.0,0.0,6595.6775,2728.8066384999997,6595.6775,-3866.8708615
2026-01-03 15:00:00+00:00,0.0,0.439999,1253.4035657499999,0.0,13.27224875,233.91141025,1228.68349725,2729.710721,0.0,0.0,6679.2474999999995,2729.710721,6679.2474999999995,-3949.5367789999996
2026-01-03 16:00:00+00:00,0.0,0.439999,1260.3997235,0.0,12.5852845,236.109297,1227.29040525,2736.8247092499996,0.0,0.0,6731.639999999999,2736.8247092499996,6731.639999999999,-3994.81529075
2026-01-03 17:00:00+00:00,0.0,0.439999,1263.11286125,0.0,12.68691775,238.07211725,1226.3793540000001,2740.69124925,0.0,0.0,6661.4525,2740.69124925,6661.4525,-3920.7612507500003
2026-01-03 18:00:00+00:00,0.0,0.439999,1263.19319975,0.0,12.888816,234.09752175,1197.4852265,2708.104763,0.0,0.0,6527.17,2708.104763,6527.17,-3819.0652370000003
2026-01-03 19:00:00+00:00,0.0,0.439999,1253.88095525,0.0,13.021379,225.20953550000002,1195.10545325,2687.657322,0.0,0.0,6410.32,2687.657322,6410.32,-3722.6626779999997
2026-01-03 20:00:00+00:00,0.0,0.439999,1258.77018275,0.0,14.52448375,219.99841525,1197.64193975,2691.3750204999997,0.0,0.0,6292.795,2691.3750204999997,6292.795,-3601.4199795000004
2026-01-03 21:00:00+00:00,0.0,0.439999,1256.70805325,0.0,14.67423225,218.07671825,1172.7664610000002,2662.66546375,0.0,0.0,6131.7275,2662.66546375,6131.7275,-3469.06203625
2026-01-03 22:00:00+00:00,0.0,0.439999,1247.749445,0.0,14.3307435,214.25173875000002,1060.6399285,2537.4118547499997,0.0,0.0,5984.705,2537.4118547499997,5984.705,-3447.29314525
2026-01-03 23:00:00+00:00,0.099861,0.439999,1239.495304,0.0,14.28170925,210.48306175,900.92559425,2365.72552925,0.0,0.0,5819.7825,2365.72552925,5819.7825,-3454.0569707500003
2026-01-04 00:00:00+00:00,0.19977775,0.439999,1227.7481685,0.0,14.0365845,218.30776625,968.6453575,2429.3776534999997,0.0,0.0,5716.715,2429.3776534999997,5716.715,-3287.3373465000004
2026-01-04 01:00:00+00:00,0.2,0.439999,1219.151891,0.0,14.995550249999999,193.03148625,948.9062570000001,2376.7251834999997,0.0,0.0,5642.5625,2376.7251834999997,5642.5625,-3265.8373165000003
2026-01-04 02:00:00+00:00,0.2,0.439999,1221.24629375,0.0,15.2374445,158.843414,914.8045824999999,2310.77173375,0.0,0.0,5574.797500000001,2310.77173375,5574.797500000001,-3264.0257662500007
2026-01-04 03:00:00+00:00,0.2,0.439999,1220.6674375,0.0,13.438434,163.823345,898.19142925,2296.76064475,0.0,0.0,5579.975,2296.76064475,5579.975,-3283.21435525
2026-01-04 04:00:00+00:00,0.2,0.439999,1219.231042,0.0,14.3999785,167.24240650000002,895.74743925,2297.26086525,0.0,0.0,5581.6625,2297.26086525,5581.6625,-3284.4016347500005
2026-01-04 05:00:00+00:00,0.2,0.439999,1221.89368725,0.0,17.3004725,168.73234025,863.2344047500001,2271.80090375,0.0,0.0,5642.535,2271.80090375,5642.535,-3370.7340962499998
2026-01-04 06:00:00+00:00,0.2,0.439999,1223.813955,0.0,18.59802375,165.74373,817.8805092499999,2226.676217,0.0,0.0,5703.5825,2226.676217,5703.5825,-3476.9062830000003
2026-01-04 07:00:00+00:00,0.2,0.439999,1225.732105,0.0,17.39499775,162.90729225,778.1204397500001,2184.79483375,0.0,0.0,5841.0375,2184.79483375,5841.0375,-3656.24266625
2026-01-04 08:00:00+00:00,0.100111,0.439999,1225.9187697500001,0.0,18.2129145,155.07687125,933.7646695000001,2333.513335,0.0,0.0,5976.9,2333.513335,5976.9,-3643.3866649999995
2026-01-04 09:00:00+00:00,0.1,0.439999,1234.9987215,0.0,16.79132275,157.38486875,1028.9975525,2438.7124645000004,0.0,0.0,6195.22,2438.7124645000004,6195.22,-3756.5075355
2026-01-04 10:00:00+00:00,0.1,0.439999,1238.799902,0.432578,17.91991725,155.196611,951.588214,2364.47722125,0.0,0.0,6346.8099999999995,2364.47722125,6346.8099999999995,-3982.3327787499993
2026-01-04 11:00:00+00:00,0.1,0.439999,1247.65477475,0.62163225,18.3529905,143.536927,915.10636975,2325.81269325,0.0,0.0,6388.175,2325.81269325,6388.175,-4062.3623067500002
2026-01-04 12:00:00+00:00,0.1,0.439999,1214.66247325,0.57444175,17.908814500000002,141.852752,893.487523,2269.0260035,0.0,0.0,6428.5575,2269.0260035,6428.5575,-4159.5314965
2026-01-04 13:00:00+00:00,0.1,0.439999,1244.50024925,0.5735012500000001,17.700563,160.68536025,946.871294,2370.87096675,0.0,0.0,6436.66,2370.87096675,6436.66,-4065.7890332499996
2026-01-04 14:00:00+00:00,0.1,0.439999,1259.664024,0.000623,16.850925500000002,160.02860325,979.7569424999999,2416.84111725,0.0,0.0,6541.22,2416.84111725,6541.22,-4124.37888275
2026-01-04 15:00:00+00:00,0.19988875,0.439999,1261.5638314999999,0.0,16.00968925,154.9735805,1050.9576375000001,2484.1446265000004,0.0,0.0,6609.625,2484.1446265000004,6609.625,-4125.4803735
2026-01-04 16:00:00+00:00,0.2,0.439999,1279.8096950000001,0.0,15.55747375,149.2124855,1094.16699775,2539.3866510000003,0.0,0.0,6535.6125,2539.3866510000003,6535.6125,-3996.225849
2026-01-04 17:00:00+00:00,0.2,0.439999,1285.7037169999999,0.0,14.721090499999999,159.25142925,1103.67076575,2563.9870014999997,0.0,0.0,6483.9175,2563.9870014999997,6483.9175,-3919.9304985
2026-01-04 18:00:00+00:00,0.2,0.439999,1286.94747925,0.0,15.27683,120.03534,1091.59795575,2514.497604,0.0,0.0,6439.07,2514.497604,6439.07,-3924.5723959999996
2026-01-04 19:00:00+00:00,0.2,0.439999,1288.27731225,0.0,15.1991325,90.63272,1142.338495,2537.0876587499997,0.0,0.0,6397.9974999999995,2537.0876587499997,6397.9974999999995,-3860.9098412499998
2026-01-04 20:00:00+00:00,0.2,0.439999,1287.55856825,0.0,14.45197825,70.34822975,1141.4004795,2514.39925475,0.0,0.0,6348.25,2514.39925475,6348.25,-3833.85074525
2026-01-04 21:00:00+00:00,0.2,0.439999,1278.5249952499998,0.0,15.13096375,60.06406025,1101.3052505,2455.66526875,0.0,0.0,6206.175,2455.66526875,6206.175,-3750.50973125
2026-01-04 22:00:00+00:00,0.2,0.439999,1271.14357775,0.0,16.06828875,46.32019125,1032.439364,2366.6114207500004,0.0,0.0,6034.9225,2366.6114207500004,6034.9225,-3668.3110792499992
2026-01-04 23:00:00+00:00,0.0006665,0.439999,1255.509238,0.0,17.218546,32.342817249999996,906.21320175,2211.7244685000005,0.0,0.0,5869.1125,2211.7244685000005,5869.1125,-3657.3880314999997
2026-01-05 00:00:00+00:00,0.0,0.439999,1246.0716320000001,0.0,16.1215635,31.68617925,932.3676587499999,2226.6870325,0.0,0.0,5736.0725,2226.6870325,5736.0725,-3509.3854675000002
2026-01-05 01:00:00+00:00,0.0,0.439999,1244.02773075,0.0,15.82323375,31.06342975,953.83046075,2245.184854,0.0,0.0,5664.5025000000005,2245.184854,5664.5025000000005,-3419.3176460000004
2026-01-05 02:00:00+00:00,0.0,0.439999,1249.08362225,0.0,16.125049,32.96921125,990.23458925,2288.85247075,0.0,0.0,5620.202499999999,2288.85247075,5620.202499999999,-3331.3500292499994
2026-01-05 03:00:00+00:00,0.0,0.439999,1253.57721075,0.0,15.381787,50.132622,980.44985275,2299.9814715,0.0,0.0,5640.3375,2299.9814715,5640.3375,-3340.3560284999994
2026-01-05 04:00:00+00:00,0.0,0.439999,1253.239332,0.0,15.78931825,50.6145275,964.67849,2284.7616667499997,0.0,0.0,5791.2325,2284.7616667499997,5791.2325,-3506.4708332500004
2026-01-05 05:00:00+00:00,0.0,0.439999,1262.22669225,0.0,17.7799765,40.649209750000004,1025.05039375,2346.1462712499997,0.0,0.0,6320.4175,2346.1462712499997,6320.4175,-3974.27122875
2026-01-05 06:00:00+00:00,0.0,0.439999,1272.17814125,0.0,17.31063125,22.828604,1225.63827675,2538.39565225,0.0,0.0,6692.7225,2538.39565225,6692.7225,-4154.3268477500005
2026-01-05 07:00:00+00:00,0.0,0.439999,1288.04091075,0.0,15.464695,23.26891425,1245.446115,2572.660634,0.0,0.0,6844.297500000001,2572.660634,6844.297500000001,-4271.636866000001
2026-01-05 08:00:00+00:00,0.0,0.439999,1299.82640425,0.0,15.357105,27.03396325,1246.5431135,2589.2005849999996,0.0,0.0,6892.935,2589.2005849999996,6892.935,-4303.734415000001
2026-01-05 09:00:00+00:00,0.0,0.439999,1299.6067655,0.0,14.24824725,30.7665785,1246.30341875,2591.365009,0.0,0.0,6889.9875,2591.365009,6889.9875,-4298.622491
2026-01-05 10:00:00+00:00,0.0,0.422766,1296.1880615,0.42286250000000003,14.55764175,36.864982749999996,1202.74870725,2551.20502175,0.0,0.0,6895.415,2551.20502175,6895.415,-4344.20997825
2026-01-05 11:00:00+00:00,0.0,0.439999,1314.1835655,0.468227,14.3393345,43.428723000000005,1209.9896025,2582.8494515,0.0,0.0,6909.005,2582.8494515,6909.005,-4326.1555485
2026-01-05 12:00:00+00:00,0.0,0.439999,1327.54226325,0.47452150000000004,14.0008305,38.73478925,1170.94706725,2552.1394707499994,0.0,0.0,6888.4,2552.1394707499994,6888.4,-4336.26052925
2026-01-05 13:00:00+00:00,0.0,0.439999,1330.76335825,0.45230125,13.706461000000001,30.72757,1164.426907,2540.5165964999997,0.0,0.0,6899.8075,2540.5165964999997,6899.8075,-4359.2909035
2026-01-05 14:00:00+00:00,0.0,0.439999,1336.3097910000001,0.0004685,13.82035025,37.9534355,1159.80062425,2548.3246685000004,0.0,0.0,6989.35,2548.3246685000004,6989.35,-4441.0253315
2026-01-05 15:00:00+00:00,0.0,0.439999,1336.4792929999999,0.0,12.6828395,44.00019625,1248.9275522500002,2642.52988,0.0,0.0,7136.6975,2642.52988,7136.6975,-4494.16762
2026-01-05 16:00:00+00:00,0.0,0.439999,1332.604234,0.0,11.816152500000001,37.99782975,1140.1110625000001,2522.96927775,0.0,0.0,7116.4075,2522.96927775,7116.4075,-4593.438222250001
2026-01-05 17:00:00+00:00,0.0,0.439999,1326.41006825,0.0,11.46659475,47.64208925,1224.32794175,2610.286693,0.0,0.0,7021.415,2610.286693,7021.415,-4411.128307
2026-01-05 18:00:00+00:00,0.0,0.439999,1327.4649075,0.0,10.690995749999999,43.37658,1229.393934,2611.36641625,0.0,0.0,6925.87,2611.36641625,6925.87,-4314.50358375
2026-01-05 19:00:00+00:00,0.0,0.439999,1329.26327475,0.0,10.983482500000001,59.19893075,1193.11152425,2592.99721125,0.0,0.0,6838.405,2592.99721125,6838.405,-4245.40778875
2026-01-05 20:00:00+00:00,0.0,0.439999,1333.2435584999998,0.0,11.77032225,61.8163985,1173.3202085,2580.59048675,0.0,0.0,6696.1075,2580.59048675,6696.1075,-4115.517013250001
2026-01-05 21:00:00+00:00,0.0,0.439999,1337.8199305,0.0,12.9832325,31.3995435,1151.98564225,2534.62834775,0.0,0.0,6495.215,2534.62834775,6495.215,-3960.58665225
2026-01-05 22:00:00+00:00,0.0,0.439999,1339.3741715,0.0,13.27692175,40.99831025,1069.71788425,2463.80728675,0.0,0.0,6299.825,2463.80728675,6299.825,-3836.01771325
2026-01-05 23:00:00+00:00,0.0,0.439999,1325.15674675,0.0,13.683685749999999,53.079197,1010.40031675,2402.75994525,0.0,0.0,6156.2625,2402.75994525,6156.2625,-3753.50255475
2026-01-06 00:00:00+00:00,0.0,0.439999,1318.68440075,0.0,14.312199,39.0429795,993.2663210000001,2365.7458992499996,0.0,0.0,6020.8875,2365.7458992499996,6020.8875,-3655.14160075
2026-01-06 01:00:00+00:00,0.0,0.439999,1324.80966825,0.0,13.994285999999999,38.38885825,1008.75946175,2386.39227325,0.0,0.0,5940.9125,2386.39227325,5940.9125,-3554.5202267500003
2026-01-06 02:00:00+00:00,0.0,0.439999,1325.65138975,0.0,14.82947575,29.82186575,1009.69566475,2380.4383949999997,0.0,0.0,5917.7825,2380.4383949999997,5917.7825,-3537.3441050000006
2026-01-06 03:00:00+00:00,0.0,0.439999,1320.40625425,0.0,13.748181500000001,39.765395749999996,1005.2569395,2379.61677,0.0,0.0,5939.955,2379.61677,5939.955,-3560.33823
2026-01-06 04:00:00+00:00,0.0,0.439999,1327.99674225,0.0,14.257861,37.4174735,1012.9947055,2393.1067812499996,0.0,0.0,6049.9825,2393.1067812499996,6049.9825,-3656.8757187500005
2026-01-06 05:00:00+00:00,0.0,0.439999,1341.3224030000001,0.0,15.739334249999999,40.78422325,1034.92910675,2433.21506625,0.0,0.0,6386.9175,2433.21506625,6386.9175,-3953.7024337499997
2026-01-06 06:00:00+00:00,0.0,0.439999,1359.3900285,0.0,15.443571500000001,38.5350955,1131.56379475,2545.3724892499995,0.0,0.0,6906.9675,2545.3724892499995,6906.9675,-4361.59501075
2026-01-06 07:00:00+00:00,0.0,0.439999,1368.516808,0.0,14.42312425,40.66052775,978.681394,2402.721853,0.0,0.0,7024.71,2402.721853,7024.71,-4621.988147
2026-01-06 08:00:00+00:00,0.0,0.439999,1371.951281,0.0,14.03741,38.31693425,1182.0788555,2606.82447975,0.0,0.0,7071.3425,2606.82447975,7071.3425,-4464.51802025
2026-01-06 09:00:00+00:00,0.0,0.439999,1376.9912992499999,0.0,11.620686,67.49922125,1212.01376025,2668.56496575,0.0,0.0,7075.7975,2668.56496575,7075.7975,-4407.23253425
2026-01-06 10:00:00+00:00,0.0,0.439999,1383.43924875,0.4062285,12.40315275,86.6845265,1163.9516955,2647.3248509999994,0.0,0.0,7065.4475,2647.3248509999994,7065.4475,-4418.122649000001
2026-01-06 11:00:00+00:00,0.0,0.439999,1385.6729257499999,0.4480685,11.85731975,99.52371325,1240.20804125,2738.1500674999997,0.0,0.0,7052.15,2738.1500674999997,7052.15,-4313.9999325
2026-01-06 12:00:00+00:00,0.0,0.439999,1389.8066695,0.43720575,11.48854775,97.98191525,1219.99122225,2720.1455594999998,0.0,0.0,7021.389999999999,2720.1455594999998,7021.389999999999,-4301.2444405
2026-01-06 13:00:00+00:00,0.0,0.439999,1390.0813885,0.38303,12.3101585,83.0412965,1151.21042725,2637.46629975,0.0,0.0,7051.79,2637.46629975,7051.79,-4414.32370025
2026-01-06 14:00:00+00:00,0.0,0.439999,1395.9237062500001,0.001005,10.78731025,65.74153949999999,992.20676275,2465.1003227500005,0.0,0.0,7176.9475,2465.1003227500005,7176.9475,-4711.84717725
2026-01-06 15:00:00+00:00,0.0,0.439999,1374.7413295,0.0,11.69037675,67.927335,1025.1124405,2479.91148075,0.0,0.0,7275.7075,2479.91148075,7275.7075,-4795.79601925
2026-01-06 16:00:00+00:00,0.0,0.439999,1369.84929825,0.0,11.26435525,48.070623749999996,1235.6377155,2665.26199175,0.0,0.0,7250.530000000001,2665.26199175,7250.530000000001,-4585.268008250001
2026-01-06 17:00:00+00:00,0.0,0.439999,1386.461188,0.0,10.2959695,51.581392,1275.2167060000002,2723.9952545,0.0,0.0,7274.57,2723.9952545,7274.57,-4550.5747455
2026-01-06 18:00:00+00:00,0.0,0.439999,1387.1316175,0.0,10.1751035,59.4201205,1245.53148825,2702.6983287499997,0.0,0.0,7227.495,2702.6983287499997,7227.495,-4524.79667125
2026-01-06 19:00:00+00:00,0.0,0.439999,1384.5783345,0.0,10.32539925,50.059253,1179.608662,2625.0116477499996,0.0,0.0,7167.2300000000005,2625.0116477499996,7167.2300000000005,-4542.218352250001
2026-01-06 20:00:00+00:00,0.0,0.439999,1374.6209845,0.0,11.63770075,26.561028,1097.2697317500001,2510.5294440000002,0.0,0.0,7220.85,2510.5294440000002,7220.85,-4710.320556000001
2026-01-06 21:00:00+00:00,0.0,0.439999,1384.9052185,0.0,12.217058250000001,32.5898595,1097.194903,2527.34703825,0.0,0.0,7071.755,2527.34703825,7071.755,-4544.40796175
2026-01-06 22:00:00+00:00,0.0,0.439999,1373.459668,0.0,11.96748725,32.1551515,1025.666111,2443.68841675,0.0,0.0,6809.38,2443.68841675,6809.38,-4365.69158325
2026-01-06 23:00:00+00:00,0.0,0.439999,1357.7580580000001,0.0,12.67216275,28.78298375,945.664774,2345.3179775000003,0.0,0.0,6517.1775,2345.3179775000003,6517.1775,-4171.859522499999
2026-01-07 00:00:00+00:00,0.0,0.439999,1360.175634,0.0,12.72423675,24.79711425,994.26925375,2392.40623775,0.0,0.0,6399.4675,2392.40623775,6399.4675,-4007.06126225
2026-01-07 01:00:00+00:00,0.0,0.439999,1356.92052825,0.0,12.6948815,28.329815500000002,992.15049225,2390.5357165,0.0,0.0,6295.1849999999995,2390.5357165,6295.1849999999995,-3904.6492834999995
2026-01-07 02:00:00+00:00,0.0,0.439999,1354.185381,0.0,13.40548425,33.785320999999996,976.728622,2378.54480725,0.0,0.0,6275.14,2378.54480725,6275.14,-3896.5951927500005
2026-01-07 03:00:00+00:00,0.0,0.439999,1360.72062375,0.0,11.895058500000001,24.17269275,979.2784429999999,2376.5068169999995,0.0,0.0,6291.3675,2376.5068169999995,6291.3675,-3914.860683000001
2026-01-07 04:00:00+00:00,0.0,0.439999,1360.27647875,0.0,12.60002725,26.22097775,989.956171,2389.49365375,0.0,0.0,6445.0225,2389.49365375,6445.0225,-4055.5288462500002
2026-01-07 05:00:00+00:00,0.0,0.439999,1366.091422,0.0,13.81408,17.93693275,975.13500575,2373.4174395,0.0,0.0,6877.5825,2373.4174395,6877.5825,-4504.1650605
2026-01-07 06:00:00+00:00,0.0,0.439999,1371.35243175,0.0,13.638894,13.03686125,1056.34382375,2454.8120097499996,0.0,0.0,7386.41,2454.8120097499996,7386.41,-4931.59799025
2026-01-07 07:00:00+00:00,0.0,0.439999,1370.2007545,0.0,13.41786975,15.06791325,1074.20991,2473.3364464999995,0.0,0.0,7518.43,2473.3364464999995,7518.43,-5045.093553500001
2026-01-07 08:00:00+00:00,0.0,0.439999,1366.3320012499998,0.0,13.06026,17.52571675,1111.14913225,2508.5071092499998,0.0,0.0,7521.305,2508.5071092499998,7521.305,-5012.79789075
2026-01-07 09:00:00+00:00,0.0,0.439999,1369.86283825,0.2277885,12.00743,18.08849475,1149.13524625,2549.76179675,0.0,0.0,7525.3175,2549.76179675,7525.3175,-4975.55570325
2026-01-07 10:00:00+00:00,0.0,0.439999,1370.40495425,0.3013595,12.00225675,20.5981825,1122.3276270000001,2526.0743789999997,0.0,0.0,7468.349999999999,2526.0743789999997,7468.349999999999,-4942.275621
2026-01-07 11:00:00+00:00,0.0,0.439999,1369.84325325,0.39996624999999997,10.90577525,32.922278,1167.9677915,2582.47906325,0.0,0.0,7431.9974999999995,2582.47906325,7431.9974999999995,-4849.51843675
2026-01-07 12:00:00+00:00,0.0,0.439999,1380.2023857499998,0.2602195,10.49875025,49.87878775,1080.6965925,2521.9767347499997,0.0,0.0,7429.915,2521.9767347499997,7429.915,-4907.938265250001
2026-01-07 13:00:00+00:00,0.0,0.439999,1384.10980775,0.13377375,11.5906295,58.66704275,1063.94790225,2518.889155,0.0,0.0,7428.3275,2518.889155,7428.3275,-4909.4383450000005
2026-01-07 14:00:00+00:00,0.0,0.439999,1379.4837252500001,0.00015025,11.720184,74.49184875,1098.3348975,2564.47080475,0.0,0.0,7526.935,2564.47080475,7526.935,-4962.464195250001
2026-01-07 15:00:00+00:00,0.0,0.439999,1380.23523475,0.0,11.393532,75.54881,1131.84646275,2599.4640385000002,0.0,0.0,7675.515,2599.4640385000002,7675.515,-5076.0509615
2026-01-07 16:00:00+00:00,0.0,0.439999,1375.9613245,0.0,10.6536045,72.4200435,1160.7094769999999,2620.1844485,0.0,0.0,7601.13,2620.1844485,7601.13,-4980.9455515
2026-01-07 17:00:00+00:00,0.0,0.439999,1379.855436,0.0,10.23419025,68.4116865,1150.63497025,2609.576282,0.0,0.0,7453.1075,2609.576282,7453.1075,-4843.531218
2026-01-07 18:00:00+00:00,0.0,0.439999,1378.26058925,0.0,10.562328,68.93581125,1198.7179162500001,2656.91664375,0.0,0.0,7371.1725,2656.91664375,7371.1725,-4714.25585625
2026-01-07 19:00:00+00:00,0.0,0.439999,1386.08574,0.0,10.997481,71.3610735,1208.4109535,2677.295247,0.0,0.0,7290.9275,2677.295247,7290.9275,-4613.632253
2026-01-07 20:00:00+00:00,0.0,0.439999,1371.8762285,0.0,11.80911025,71.1184685,1154.10967025,2609.3534765,0.0,0.0,7131.6075,2609.3534765,7131.6075,-4522.2540235
2026-01-07 21:00:00+00:00,0.0,0.439999,1370.4327155,0.0,11.8247965,92.243363,1074.258735,2549.1996090000002,0.0,0.0,6853.595,2549.1996090000002,6853.595,-4304.395391
2026-01-07 22:00:00+00:00,0.0,0.439999,1365.553903,0.0,11.82601075,123.14355950000001,1051.9285205,2552.89199275,0.0,0.0,6530.889999999999,2552.89199275,6530.889999999999,-3977.9980072499993
2026-01-07 23:00:00+00:00,0.0998055,0.439999,1368.95191425,0.0,12.56962525,141.03988525,1020.516138,2543.61736725,0.0,0.0,6292.4375,2543.61736725,6292.4375,-3748.82013275
2026-01-08 00:00:00+00:00,0.1,0.439999,1366.969996,0.0,13.041879250000001,149.84567225,1009.2785377499999,2539.67608425,0.0,0.0,6117.860000000001,2539.67608425,6117.860000000001,-3578.183915750001
2026-01-08 01:00:00+00:00,0.1,0.439999,1360.6345975,0.0,12.9432425,172.4947515,985.82852075,2532.44111125,0.0,0.0,6032.79,2532.44111125,6032.79,-3500.34888875
2026-01-08 02:00:00+00:00,0.1,0.439999,1368.5808455000001,0.0,13.75449225,179.208271,980.22926425,2542.3128720000004,0.0,0.0,5954.637500000001,2542.3128720000004,5954.637500000001,-3412.3246280000003
2026-01-08 03:00:00+00:00,0.1,0.439999,1371.7495395,0.0,13.06863125,169.2046725,913.43397125,2467.9968135,0.0,0.0,5954.875,2467.9968135,5954.875,-3486.8781865
2026-01-08 04:00:00+00:00,0.1,0.439999,1366.881484,0.0,13.6674305,150.00318275,969.996922,2501.0890182499998,0.0,0.0,6107.4375,2501.0890182499998,6107.4375,-3606.3484817500002
2026-01-08 05:00:00+00:00,0.1,0.439999,1381.867211,0.0,14.1852845,146.4180895,1132.92812575,2675.9387097500003,0.0,0.0,6639.22,2675.9387097500003,6639.22,-3963.28129025
2026-01-08 06:00:00+00:00,0.1,0.439999,1392.47532275,0.0,13.52216275,132.38046375,1218.59551075,2757.513459,0.0,0.0,7144.7625,2757.513459,7144.7625,-4387.249041
2026-01-08 07:00:00+00:00,0.1,0.439999,1384.7891610000001,0.0,13.326024,89.12635325,1232.0520147500001,2719.833552,0.0,0.0,7187.745,2719.833552,7187.745,-4467.911448
2026-01-08 08:00:00+00:00,0.1,0.439999,1366.61828575,0.0,12.4201025,89.369025,1275.986838,2744.9342502500003,0.0,0.0,7241.2875,2744.9342502500003,7241.2875,-4496.35324975
2026-01-08 09:00:00+00:00,0.1,0.439999,1364.0072685,0.345444,12.614424,77.74885575,1275.82303425,2731.0790255,0.0,0.0,7250.685,2731.0790255,7250.685,-4519.6059745
2026-01-08 10:00:00+00:00,0.1,0.439999,1363.86052975,0.383856,12.48994675,88.7049195,1253.4657552499998,2719.44500625,0.0,0.0,7188.8150000000005,2719.44500625,7188.8150000000005,-4469.3699937500005
2026-01-08 11:00:00+00:00,0.1,0.439999,1361.3122815,0.42981225,11.753802,101.17997,1243.48019125,2718.6960559999998,0.0,0.0,7109.1525,2718.6960559999998,7109.1525,-4390.456444
2026-01-08 12:00:00+00:00,0.1,0.439999,1366.6822725000002,0.34605475,12.10142075,84.304495,1241.04526975,2705.01951175,0.0,0.0,6972.98,2705.01951175,6972.98,-4267.960488249999
2026-01-08 13:00:00+00:00,0.1,0.439999,1357.9530977499999,0.2512685,11.918453,76.4876835,1248.115508,2695.26600975,0.0,0.0,6978.21,2695.26600975,6978.21,-4282.94399025
2026-01-08 14:00:00+00:00,0.1,0.439999,1361.839981,0.0007685,12.1526855,58.8189185,1132.21679975,2565.56915225,0.0,0.0,7127.3099999999995,2565.56915225,7127.3099999999995,-4561.740847749999
2026-01-08 15:00:00+00:00,0.1,0.439999,1361.4780435,0.0,10.93231,47.972939,1073.40287375,2494.32616525,0.0,0.0,7400.595,2494.32616525,7400.595,-4906.268834750001
2026-01-08 16:00:00+00:00,0.1,0.439999,1360.7876905,0.0,10.27913075,42.07928575,1147.208305,2560.894411,0.0,0.0,7424.435,2560.894411,7424.435,-4863.540589
2026-01-08 17:00:00+00:00,0.1,0.439999,1360.208781,0.0,9.649839,25.6627155,1236.89775675,2632.9590912500003,0.0,0.0,7364.7,2632.9590912500003,7364.7,-4731.74090875
2026-01-08 18:00:00+00:00,0.1,0.439999,1358.5079687500001,0.0,9.81040175,32.8989545,1143.26182625,2545.01915025,0.0,0.0,7332.2825,2545.01915025,7332.2825,-4787.26334975
2026-01-08 19:00:00+00:00,0.1,0.439999,1355.60127775,0.0,10.57352075,48.964777999999995,1092.1192715,2507.798847,0.0,0.0,7357.775,2507.798847,7357.775,-4849.976153
2026-01-08 20:00:00+00:00,0.1,0.439999,1354.13757625,0.0,10.52288875,43.8813175,1075.70427825,2484.7860597500003,0.0,0.0,7268.66,2484.7860597500003,7268.66,-4783.87394025
2026-01-08 21:00:00+00:00,0.1,0.439999,1346.438038,0.0,11.302302,47.4791185,1004.80856175,2410.56801925,0.0,0.0,7027.15,2410.56801925,7027.15,-4616.581980749999
2026-01-08 22:00:00+00:00,0.1,0.439999,1342.9803875,0.0,11.06300675,68.503812,896.4832025000001,2319.57040775,0.0,0.0,6774.5175,2319.57040775,6774.5175,-4454.94709225
2026-01-08 23:00:00+00:00,0.1,0.439999,1337.06270125,0.0,10.55167475,81.12587074999999,910.46485125,2339.745097,0.0,0.0,6514.64,2339.745097,6514.64,-4174.894903
2026-01-09 00:00:00+00:00,0.1,0.439999,1332.8465955,0.0,12.3604155,66.82218925,773.74422025,2186.3134195000002,0.0,0.0,6321.285,2186.3134195000002,6321.285,-4134.9715805
2026-01-09 01:00:00+00:00,0.1,0.439999,1321.457079,0.0,11.7560465,68.5442975,723.9513724999999,2126.2487945000003,0.0,0.0,6202.3925,2126.2487945000003,6202.3925,-4076.1437054999997
2026-01-09 02:00:00+00:00,0.1,0.439999,1311.07342875,0.0,13.43051125,104.5179045,728.3404015,2157.902245,0.0,0.0,6118.2025,2157.902245,6118.2025,-3960.300255
2026-01-09 03:00:00+00:00,0.1,0.439999,1304.54171075,0.0,11.693141749999999,116.32529124999999,718.56392225,2151.664065,0.0,0.0,6070.25,2151.664065,6070.25,-3918.585935
2026-01-09 04:00:00+00:00,0.1,0.439999,1298.5003125,0.0,11.93279375,136.28434125,728.68473075,2175.94217725,0.0,0.0,6205.34,2175.94217725,6205.34,-4029.39782275
2026-01-09 05:00:00+00:00,0.1,0.439999,1301.57344425,0.0,11.94254325,109.0102915,846.2214632499999,2269.28774125,0.0,0.0,6646.4,2269.28774125,6646.4,-4377.1122587499995
2026-01-09 06:00:00+00:00,0.1,0.439999,1310.90848,0.0,12.15686425,111.98871075,907.2313565000001,2342.8254105,0.0,0.0,7111.1075,2342.8254105,7111.1075,-4768.2820895
2026-01-09 07:00:00+00:00,0.1,0.439999,1336.506139,0.0,11.6981595,80.10505825,958.9040492500001,2387.7534050000004,0.0,0.0,7272.1,2387.7534050000004,7272.1,-4884.346595
2026-01-09 08:00:00+00:00,0.1,0.439999,1331.4213125,0.0,9.87468,88.469033,925.91897075,2356.2239952500004,0.0,0.0,7317.9125,2356.2239952500004,7317.9125,-4961.68850475
2026-01-09 09:00:00+00:00,0.1,0.439999,1324.98603425,0.43725375,11.2525285,78.134634,942.940927,2358.2913765000003,0.0,0.0,7255.8075,2358.2913765000003,7255.8075,-4897.5161235
2026-01-09 10:00:00+00:00,0.1,0.439999,1320.65525875,0.51102325,12.621781,75.4249525,902.55792175,2312.3109362500004,0.0,0.0,7201.7425,2312.3109362500004,7201.7425,-4889.43156375
2026-01-09 11:00:00+00:00,0.19975,0.439999,1188.1354059999999,0.614563,12.12833025,52.201730999999995,833.130264,2086.85004325,0.0,0.0,7165.6525,2086.85004325,7165.6525,-5078.80245675
2026-01-09 12:00:00+00:00,0.10027775,0.439999,1279.49487625,0.21585625,10.5385825,57.484514250000004,837.11347475,2185.38758075,0.0,0.0,7138.165,2185.38758075,7138.165,-4952.77741925
2026-01-09 13:00:00+00:00,0.19958325000000002,0.439999,1311.2394450000002,0.21771374999999998,11.171211,82.6739195,824.88907575,2230.8309472500005,0.0,0.0,7120.51,2230.8309472500005,7120.51,-4889.67905275
2026-01-09 14:00:00+00:00,0.10025,0.439999,1324.80149275,0.00056875,12.03031425,71.798251,905.78580225,2314.9566779999996,0.0,0.0,7158.35,2314.9566779999996,7158.35,-4843.393322000001
2026-01-09 15:00:00+00:00,0.1,0.439999,1335.67429525,0.0,11.4471205,70.02583075000001,927.70415325,2345.39139875,0.0,0.0,7203.3675,2345.39139875,7203.3675,-4857.97610125
2026-01-09 16:00:00+00:00,0.1,0.439999,1334.9510905,0.0,10.577122,66.58052525000001,920.52342175,2333.1721585,0.0,0.0,7144.965,2333.1721585,7144.965,-4811.792841500001
2026-01-09 17:00:00+00:00,0.1,0.439999,1330.2887162499999,0.0,9.616621,82.46400275,927.0760775,2349.9854164999997,0.0,0.0,7004.12,2349.9854164999997,7004.12,-4654.1345835
2026-01-09 18:00:00+00:00,0.1,0.439999,1326.52470275,0.0,10.4051675,74.9768575,872.09342775,2284.5401545000004,0.0,0.0,6843.3949999999995,2284.5401545000004,6843.3949999999995,-4558.854845499999
2026-01-09 19:00:00+00:00,0.1,0.439999,1321.3657615,0.0,11.411635,83.0194545,848.39663625,2264.73348625,0.0,0.0,6645.9725,2264.73348625,6645.9725,-4381.23901375
2026-01-09 20:00:00+00:00,0.1,0.439999,1326.11071275,0.0,11.87492675,81.9671855,822.836236,2243.32906,0.0,0.0,6444.5650000000005,2243.32906,6444.5650000000005,-4201.2359400000005
2026-01-09 21:00:00+00:00,0.199722,0.439999,1322.83190225,0.0,12.119266,66.71740249999999,849.3515255,2251.65981725,0.0,0.0,6258.4725,2251.65981725,6258.4725,-4006.81268275
2026-01-09 22:00:00+00:00,0.1016665,0.439999,1320.29669425,0.0,13.199728499999999,62.612511999999995,825.2412825,2221.8918827499997,0.0,0.0,6086.27,2221.8918827499997,6086.27,-3864.3781172500007
2026-01-09 23:00:00+00:00,0.19988875,0.439999,1327.1302215,0.0,12.3084305,55.14293325,939.47209375,2334.69356675,0.0,0.0,5955.58,2334.69356675,5955.58,-3620.8864332499998
2026-01-10 00:00:00+00:00,0.2,0.439999,1323.6864799999998,0.0,13.103677,65.21746325000001,851.84382725,2254.4914465,0.0,0.0,5823.5725,2254.4914465,5823.5725,-3569.0810535
2026-01-10 01:00:00+00:00,0.2,0.439999,1317.83462425,0.0,12.603727750000001,66.99869575,851.041395,2249.11844175,0.0,0.0,5770.465,2249.11844175,5770.465,-3521.3465582500003
2026-01-10 02:00:00+00:00,0.2,0.439999,1312.0295027500001,0.0,13.958067,63.9839985,815.79900925,2206.4105765000004,0.0,0.0,5770.7575,2206.4105765000004,5770.7575,-3564.3469234999993
2026-01-10 03:00:00+00:00,0.2,0.439999,1318.978595,0.0,12.76411925,60.50902625,761.28255125,2154.17429075,0.0,0.0,5785.61,2154.17429075,5785.61,-3631.4357092499995
2026-01-10 04:00:00+00:00,0.2,0.439999,1314.4657705,0.0,13.6162985,62.3478165,772.71484175,2163.78472625,0.0,0.0,5845.5175,2163.78472625,5845.5175,-3681.73277375
2026-01-10 05:00:00+00:00,0.2,0.439999,1308.03072275,0.0,16.375349500000002,60.64118925,782.7905537500001,2168.47781425,0.0,0.0,6006.1875,2168.47781425,6006.1875,-3837.70968575
2026-01-10 06:00:00+00:00,0.2,0.439999,1311.2960640000001,0.0,15.24748175,56.44203325,975.0971805,2358.7227585,0.0,0.0,6205.5525,2358.7227585,6205.5525,-3846.8297414999997
2026-01-10 07:00:00+00:00,0.2,0.439999,1327.595226,0.0,15.72249875,48.11389525,1043.77673175,2435.8483507499996,0.0,0.0,6489.16,2435.8483507499996,6489.16,-4053.3116492500003
2026-01-10 08:00:00+00:00,0.2,0.439999,1339.7344994999999,0.0,14.86016375,38.54455525,1092.35969625,2486.13891375,0.0,0.0,6749.4825,2486.13891375,6749.4825,-4263.34358625
2026-01-10 09:00:00+00:00,0.2,0.439999,1357.5797292500001,0.24980524999999998,13.50262225,31.341564249999998,943.31288525,2346.62660525,0.0,0.0,6891.0075,2346.62660525,6891.0075,-4544.38089475
2026-01-10 10:00:00+00:00,0.2,0.439999,1358.497498,0.32480525,13.423881000000002,34.541995,926.7644915,2334.19266975,0.0,0.0,6890.8625,2334.19266975,6890.8625,-4556.669830250001
2026-01-10 11:00:00+00:00,0.2,0.439999,1357.66514575,0.42420050000000004,14.821161,27.8999225,961.86346325,2363.313892,0.0,0.0,6841.345,2363.313892,6841.345,-4478.031108
2026-01-10 12:00:00+00:00,0.2,0.439999,1356.1558639999998,0.2005,15.22007975,18.25495475,1005.0862585,2395.557656,0.0,0.0,6775.0425,2395.557656,6775.0425,-4379.484844
2026-01-10 13:00:00+00:00,0.2,0.439999,1346.01415725,0.10025,14.5828345,20.00637225,969.5521307500001,2350.89574375,0.0,0.0,6803.085,2350.89574375,6803.085,-4452.18925625
2026-01-10 14:00:00+00:00,0.2,0.439999,1348.6233415,0.000111,11.25226425,24.41514825,1061.12292775,2446.0537917499996,0.0,0.0,6919.7825,2446.0537917499996,6919.7825,-4473.728708250001
2026-01-10 15:00:00+00:00,0.2,0.439999,1355.392742,0.0,11.60410525,37.12071525,1170.43725175,2575.19481325,0.0,0.0,7050.0,2575.19481325,7050.0,-4474.80518675
2026-01-10 16:00:00+00:00,0.2,0.439999,1356.29540125,0.0,11.979298,39.685284,1134.5569735,2543.1569557499997,0.0,0.0,7053.202499999999,2543.1569557499997,7053.202499999999,-4510.04554425
2026-01-10 17:00:00+00:00,0.2,0.439999,1357.75610975,0.0,11.86155625,44.272345,1180.5508049999999,2595.080815,0.0,0.0,7064.99,2595.080815,7064.99,-4469.909185
2026-01-10 18:00:00+00:00,0.2,0.439999,1357.233109,0.0,11.08357025,40.333517,1131.932527,2541.22272225,0.0,0.0,6993.59,2541.22272225,6993.59,-4452.36727775
2026-01-10 19:00:00+00:00,0.2,0.439999,1354.4651589999999,0.0,11.9808655,38.413728,1094.04285725,2499.54260875,0.0,0.0,7023.38,2499.54260875,7023.38,-4523.83739125
2026-01-10 20:00:00+00:00,0.2,0.439999,1354.5637645,0.0,12.85351075,43.99825225,1058.735048,2470.7905745,0.0,0.0,6954.285,2470.7905745,6954.285,-4483.4944255
2026-01-10 21:00:00+00:00,0.2,0.439999,1353.9199185,0.0,12.902336,36.239334,1129.28825675,2532.9898442500003,0.0,0.0,6847.73,2532.9898442500003,6847.73,-4314.74015575
2026-01-10 22:00:00+00:00,0.2,0.439999,1350.47894825,0.0,13.08287975,26.0478005,1116.3780375000001,2506.627665,0.0,0.0,6732.3825,2506.627665,6732.3825,-4225.754835
2026-01-10 23:00:00+00:00,0.0001665,0.439999,1349.337336,0.0,13.80117325,15.59593425,1120.9363242499999,2500.11093325,0.0,0.0,6644.045,2500.11093325,6644.045,-4143.93406675
2026-01-11 00:00:00+00:00,0.09994425000000001,0.439999,1348.594005,0.0,13.2891285,18.34651775,1092.89095025,2473.66054475,0.0,0.0,6551.985000000001,2473.66054475,6551.985000000001,-4078.3244552500005
2026-01-11 01:00:00+00:00,0.1,0.439999,1348.31253975,0.0,13.81179375,15.7130555,1076.4185745,2454.7959625000003,0.0,0.0,6473.535,2454.7959625000003,6473.535,-4018.7390374999995
2026-01-11 02:00:00+00:00,0.1,0.439999,1347.47573525,0.0,14.47209125,9.71438475,1097.2207125,2469.42292275,0.0,0.0,6440.84,2469.42292275,6440.84,-3971.41707725
2026-01-11 03:00:00+00:00,0.000111,0.439999,1353.244512,0.0,12.82250575,1.820477,1099.40202825,2467.729633,0.0,0.0,6451.27,2467.729633,6451.27,-3983.5403670000005
2026-01-11 04:00:00+00:00,0.0,0.439999,1346.66215175,0.0,14.281600749999999,0.0,1103.18946575,2464.57321725,0.0,0.0,6466.8275,2464.57321725,6466.8275,-4002.25428275
2026-01-11 05:00:00+00:00,0.0,0.439999,1346.86312,0.0,16.1326445,0.1584905,1063.7392405,2427.3334944999997,0.0,0.0,6537.3425,2427.3334944999997,6537.3425,-4110.0090055
2026-01-11 06:00:00+00:00,0.0,0.439999,1338.62696425,0.0,17.11281975,0.0,1112.2203735,2468.4001565,0.0,0.0,6641.6875,2468.4001565,6641.6875,-4173.2873435
2026-01-11 07:00:00+00:00,0.0,0.439999,1345.26447575,0.0,16.5720035,0.08245675,1181.9842245,2544.3431594999997,0.0,0.0,6835.1425,2544.3431594999997,6835.1425,-4290.7993405
2026-01-11 08:00:00+00:00,0.0,0.439999,1346.51251125,0.0,16.51745775,0.319798,1181.9671435,2545.7569095,0.0,0.0,7056.0075,2545.7569095,7056.0075,-4510.2505905
2026-01-11 09:00:00+00:00,0.0,0.439999,1339.25686575,0.24944424999999998,15.43385525,4.345978000000001,1215.6700505,2575.39619275,0.0,0.0,7223.182500000001,2575.39619275,7223.182500000001,-4647.78630725
2026-01-11 10:00:00+00:00,0.0,0.439999,1340.42272475,0.37411075,15.30491575,4.06224175,1136.52642775,2497.1304197500003,0.0,0.0,7241.4875,2497.1304197500003,7241.4875,-4744.35708025
2026-01-11 11:00:00+00:00,0.0,0.439999,1342.37449975,0.329212,14.848699,3.876246,1123.8553232499999,2485.723979,0.0,0.0,7203.3025,2485.723979,7203.3025,-4717.5785209999995
2026-01-11 12:00:00+00:00,0.0,0.439999,1340.853963,0.20022800000000002,14.663969250000001,3.52624975,1129.961604,2489.646013,0.0,0.0,7250.0275,2489.646013,7250.0275,-4760.381487000001
2026-01-11 13:00:00+00:00,0.0,0.439999,1343.729331,0.10025,13.84433325,8.0966895,1141.3654837499998,2507.5760864999997,0.0,0.0,7337.565,2507.5760864999997,7337.565,-4829.988913499999
2026-01-11 14:00:00+00:00,0.0,0.439999,1346.20023125,0.00025,13.058480249999999,1.63731575,1190.808645,2552.14492125,0.0,0.0,7431.585,2552.14492125,7431.585,-4879.44007875
2026-01-11 15:00:00+00:00,0.0,0.439999,1349.5774135000001,0.0,12.106969750000001,2.98799925,1205.7484665,2570.8608480000003,0.0,0.0,7613.23,2570.8608480000003,7613.23,-5042.369151999999
2026-01-11 16:00:00+00:00,0.0,0.439999,1345.44851475,0.0,11.807254499999999,4.78737525,1215.5557105,2578.038854,0.0,0.0,7668.425,2578.038854,7668.425,-5090.386146000001
2026-01-11 17:00:00+00:00,0.0,0.439999,1343.98633225,0.0,10.0885025,7.992717,1197.707629,2560.21517975,0.0,0.0,7680.475,2560.21517975,7680.475,-5120.25982025
2026-01-11 18:00:00+00:00,0.0,0.439999,1327.729854,0.0,9.97152575,18.891769,1183.4212485,2540.45439625,0.0,0.0,7676.575,2540.45439625,7676.575,-5136.12060375
2026-01-11 19:00:00+00:00,0.0,0.439999,1323.391292,0.0,11.3198215,36.90576375,1175.4017370000001,2547.45861325,0.0,0.0,7606.655,2547.45861325,7606.655,-5059.19638675
2026-01-11 20:00:00+00:00,0.0,0.439999,1321.4583695000001,0.0,11.163642750000001,70.29169575,1159.69742525,2563.0511322499997,0.0,0.0,7487.9175,2563.0511322499997,7487.9175,-4924.86636775
2026-01-11 21:00:00+00:00,0.0,0.439999,1308.19400475,0.0,12.253317,96.14020725,1164.89995875,2581.92748675,0.0,0.0,7319.15,2581.92748675,7319.15,-4737.22251325
2026-01-11 22:00:00+00:00,0.0,0.439999,1313.799936,0.0,13.328199,114.71897200000001,1066.4103355,2508.6974414999995,0.0,0.0,7074.8425,2508.6974414999995,7074.8425,-4566.1450585
2026-01-11 23:00:00+00:00,0.0,0.439999,1304.2990089999998,0.0,14.12847675,119.146807,1024.089674,2462.1039657499996,0.0,0.0,6825.217500000001,2462.1039657499996,6825.217500000001,-4363.113534250001
2026-01-12 00:00:00+00:00,0.09994425000000001,0.439999,1299.8437047500001,0.0,13.12294675,122.66215225,987.352212,2423.5209590000004,0.0,0.0,6690.6225,2423.5209590000004,6690.6225,-4267.101541
2026-01-12 01:00:00+00:00,0.1,0.439999,1287.49073425,0.0,13.72102375,116.529179,1023.32321825,2441.60415425,0.0,0.0,6608.1125,2441.60415425,6608.1125,-4166.50834575
2026-01-12 02:00:00+00:00,0.1,0.439999,1266.9795525,0.0,14.4841195,130.45921850000002,1010.9137412499999,2423.37663075,0.0,0.0,6533.9400000000005,2423.37663075,6533.9400000000005,-4110.5633692500005
2026-01-12 03:00:00+00:00,0.1,0.439999,1268.31233325,0.0,12.86702825,152.772998,1011.31345775,2445.80581625,0.0,0.0,6502.5225,2445.80581625,6502.5225,-4056.71668375
2026-01-12 04:00:00+00:00,0.1,0.439999,1268.54434625,0.0,14.25203075,179.15211975,1016.48136975,2478.9698654999997,0.0,0.0,6662.6849999999995,2478.9698654999997,6662.6849999999995,-4183.7151345
2026-01-12 05:00:00+00:00,0.1,0.439999,1265.671925,0.0,14.739558500000001,166.142068,1030.60266725,2477.69621775,0.0,0.0,7159.0425000000005,2477.69621775,7159.0425000000005,-4681.3462822500005
2026-01-12 06:00:00+00:00,0.1,0.439999,1269.52862775,0.0,15.14653675,112.58813625,1095.57116475,2493.3744644999997,0.0,0.0,7721.8150000000005,2493.3744644999997,7721.8150000000005,-5228.440535500001
2026-01-12 07:00:00+00:00,0.1,0.439999,1260.73022275,0.0,14.307217999999999,92.56833999999999,1216.1556787499999,2584.3014585,0.0,0.0,7728.2825,2584.3014585,7728.2825,-5143.9810415
2026-01-12 08:00:00+00:00,0.1,0.439999,1263.6342359999999,0.0,13.901067000000001,78.65154525,1098.85908475,2455.585932,0.0,0.0,7662.045,2455.585932,7662.045,-5206.459068
2026-01-12 09:00:00+00:00,0.1,0.439999,1263.3269685,0.39518725,12.179008,46.8204465,954.659649,2277.9212582500004,0.0,0.0,7598.59,2277.9212582500004,7598.59,-5320.66874175
2026-01-12 10:00:00+00:00,0.1,0.439999,1257.80064475,0.36175825,12.488212749999999,33.7681495,947.1102322500001,2252.0689965,0.0,0.0,7555.4,2252.0689965,7555.4,-5303.3310034999995
2026-01-12 11:00:00+00:00,0.1,0.439999,1246.22227125,0.32960025,12.321033250000001,25.8050215,938.053031,2223.2709562500004,0.0,0.0,7521.825,2223.2709562500004,7521.825,-5298.554043749999
2026-01-12 12:00:00+00:00,0.1,0.439999,1256.77732325,0.00093375,11.46333825,36.565941249999995,881.34534575,2186.69288125,0.0,0.0,7451.785,2186.69288125,7451.785,-5265.09211875
2026-01-12 13:00:00+00:00,0.1,0.439999,1267.1650905000001,0.0,12.114985749999999,46.514210750000004,920.2905109999999,2246.6247970000004,0.0,0.0,7434.2575,2246.6247970000004,7434.2575,-5187.632702999999
2026-01-12 14:00:00+00:00,0.1,0.439999,1311.7981105,0.0,12.5787735,40.146655,913.302034,2278.3655719999997,0.0,0.0,7467.702499999999,2278.3655719999997,7467.702499999999,-5189.336928
2026-01-12 15:00:00+00:00,0.1,0.439999,1301.3126495000001,0.0,10.53715375,59.97030675,1005.04189225,2377.4020012500005,0.0,0.0,7559.795,2377.4020012500005,7559.795,-5182.39299875
2026-01-12 16:00:00+00:00,0.1,0.439999,1308.85096275,0.0,11.386014,61.17213,1108.15915125,2490.108257,0.0,0.0,7511.2775,2490.108257,7511.2775,-5021.169243
2026-01-12 17:00:00+00:00,0.1,0.439999,1309.9935747499999,0.0,9.51631375,73.87775575,1162.86438075,2556.7920240000003,0.0,0.0,7557.955,2556.7920240000003,7557.955,-5001.162976
2026-01-12 18:00:00+00:00,0.1,0.439999,1311.23432075,0.0,9.8844715,71.88112875,1129.4122897500001,2522.9522097500003,0.0,0.0,7470.2525000000005,2522.9522097500003,7470.2525000000005,-4947.30029025
2026-01-12 19:00:00+00:00,0.1,0.439999,1317.6449499999999,0.0,9.51603025,69.887392,1159.6157305,2557.20410175,0.0,0.0,7347.445,2557.20410175,7347.445,-4790.24089825
2026-01-12 20:00:00+00:00,0.1,0.439999,1325.805782,0.0,10.743538,49.324972,1108.467073,2494.881364,0.0,0.0,7161.5125,2494.881364,7161.5125,-4666.631136
2026-01-12 21:00:00+00:00,0.1,0.439999,1326.25865225,0.0,11.672709750000001,36.625291,1181.57457475,2556.67122675,0.0,0.0,6917.382500000001,2556.67122675,6917.382500000001,-4360.711273250001
2026-01-12 22:00:00+00:00,0.1,0.439999,1330.42011475,0.0,11.6008675,29.43085125,1154.1346095,2526.1264419999998,0.0,0.0,6590.2425,2526.1264419999998,6590.2425,-4064.1160580000005
2026-01-12 23:00:00+00:00,0.1,0.439999,1321.22566175,0.0,11.9916205,32.951169,992.1358605,2358.8443107499997,0.0,0.0,6323.1849999999995,2358.8443107499997,6323.1849999999995,-3964.3406892499997
2026-01-13 00:00:00+00:00,0.1,0.439999,1312.4365785,0.0,12.939992,29.589591249999998,983.4372384999999,2338.94339925,0.0,0.0,6142.172500000001,2338.94339925,6142.172500000001,-3803.2291007500007
2026-01-13 01:00:00+00:00,0.1,0.439999,1315.68697075,0.0,13.70312725,23.12666625,983.6278895,2336.68465275,0.0,0.0,6026.045,2336.68465275,6026.045,-3689.36034725
2026-01-13 02:00:00+00:00,0.1,0.439999,1307.05462275,0.0,15.044018,24.77121775,981.67851825,2329.08837575,0.0,0.0,5941.9175,2329.08837575,5941.9175,-3612.8291242499995
2026-01-13 03:00:00+00:00,0.1,0.439999,1298.9179052499999,0.0,13.33143825,28.817936,983.2409775,2324.8482559999998,0.0,0.0,5922.9375,2324.8482559999998,5922.9375,-3598.0892440000002
2026-01-13 04:00:00+00:00,0.1,0.439999,1289.0626225,0.0,14.206997000000001,25.42516775,984.76468525,2313.9994715000003,0.0,0.0,6032.415,2313.9994715000003,6032.415,-3718.4155284999997
2026-01-13 05:00:00+00:00,0.1,0.439999,1288.625114,0.0,15.0612175,24.073657,1001.9361375000001,2330.2361250000004,0.0,0.0,6525.075,2330.2361250000004,6525.075,-4194.8388749999995
2026-01-13 06:00:00+00:00,0.1,0.439999,1296.35564875,0.0,13.003983250000001,37.337900250000004,1168.0357374999999,2515.27326875,0.0,0.0,7030.805,2515.27326875,7030.805,-4515.53173125
2026-01-13 07:00:00+00:00,0.1,0.439999,1301.0974865,0.0,13.75681075,40.921122249999996,1185.3336495,2541.649068,0.0,0.0,7009.82,2541.649068,7009.82,-4468.170931999999
2026-01-13 08:00:00+00:00,0.1,0.439999,1297.2778235,0.0,12.38238675,52.22881625,1189.183605,2551.6126305,0.0,0.0,6984.3925,2551.6126305,6984.3925,-4432.7798695
2026-01-13 09:00:00+00:00,0.1,0.439999,1308.404088,0.332419,12.16361175,61.107907,1186.87468525,2569.4227100000003,0.0,0.0,6938.045,2569.4227100000003,6938.045,-4368.622289999999
2026-01-13 10:00:00+00:00,0.1,0.439999,1337.71946725,0.36119825,12.557551,53.55990575,1154.603131,2559.3412522500003,0.0,0.0,6937.37,2559.3412522500003,6937.37,-4378.02874775
2026-01-13 11:00:00+00:00,0.1,0.439999,1335.2329304999998,0.39977775000000004,11.412163750000001,38.87502675,1140.27546525,2526.735363,0.0,0.0,7028.555,2526.735363,7028.555,-4501.8196370000005
2026-01-13 12:00:00+00:00,0.1,0.439999,1352.079571,0.33139799999999997,11.1420455,30.24214425,1095.79799725,2490.133155,0.0,0.0,7018.1575,2490.133155,7018.1575,-4528.024345
2026-01-13 13:00:00+00:00,0.1,0.439999,1352.03155025,0.271241,11.11267525,30.57590125,1131.5401092500001,2526.071476,0.0,0.0,6901.12,2526.071476,6901.12,-4375.048524
2026-01-13 14:00:00+00:00,0.1,0.439999,1354.77741775,0.0008305,11.9376725,37.17025575,1180.789591,2585.2157665,0.0,0.0,6984.84,2585.2157665,6984.84,-4399.624233500001
2026-01-13 15:00:00+00:00,0.1,0.439999,1350.55022375,0.0,10.47818525,50.6594435,1209.86936975,2622.09722125,0.0,0.0,7146.665,2622.09722125,7146.665,-4524.56777875
2026-01-13 16:00:00+00:00,0.1,0.439999,1352.8996165,0.0,10.935061,55.2458265,1220.6240635,2640.2445665,0.0,0.0,7163.675,2640.2445665,7163.675,-4523.4304335
2026-01-13 17:00:00+00:00,0.1,0.439999,1349.748671,0.0,9.13944175,57.923734249999995,1198.35997,2615.711816,0.0,0.0,7072.0650000000005,2615.711816,7072.0650000000005,-4456.3531840000005
2026-01-13 18:00:00+00:00,0.1,0.439999,1338.221983,0.0,10.09652475,56.76355325,1072.5595945,2478.1816545,0.0,0.0,6942.3375,2478.1816545,6942.3375,-4464.1558454999995
2026-01-13 19:00:00+00:00,0.1,0.439999,1332.2261715,0.0,10.2791775,53.2027205,1022.8998327500001,2419.1479012500004,0.0,0.0,6819.57,2419.1479012500004,6819.57,-4400.422098749999
2026-01-13 20:00:00+00:00,0.1,0.439999,1330.3711335,0.0,11.3657665,51.946436500000004,1003.906262,2398.1295975000003,0.0,0.0,6662.345,2398.1295975000003,6662.345,-4264.2154025
2026-01-13 21:00:00+00:00,0.1,0.439999,1328.918274,0.0,12.600571,50.539820500000005,998.43506975,2391.03373425,0.0,0.0,6424.825,2391.03373425,6424.825,-4033.7912657499996
2026-01-13 22:00:00+00:00,0.1,0.439999,1329.0564875,0.0,12.59540925,46.13842125,986.0428405,2374.3731575,0.0,0.0,6084.21,2374.3731575,6084.21,-3709.8368425
2026-01-13 23:00:00+00:00,0.1,0.439999,1336.230028,0.0,14.13572825,51.978491,1085.4634517499999,2488.347698,0.0,0.0,5812.445,2488.347698,5812.445,-3324.0973019999997
2026-01-14 00:00:00+00:00,0.1,0.439999,1344.0428872500001,0.0,14.378378,56.9034525,1091.64561075,2507.5103275,0.0,0.0,5661.2775,2507.5103275,5661.2775,-3153.7671725
2026-01-14 01:00:00+00:00,0.1,0.439999,1340.04477675,0.0,14.81281825,76.4217755,1097.89696325,2529.71633275,0.0,0.0,5521.775,2529.71633275,5521.775,-2992.0586672499994
2026-01-14 02:00:00+00:00,0.1,0.439999,1343.9148559999999,0.0,16.03261725,91.28145125,1090.090933,2541.8598564999998,0.0,0.0,5462.4925,2541.8598564999998,5462.4925,-2920.6326435000005
2026-01-14 03:00:00+00:00,0.1,0.439999,1343.9057785,0.0,14.44876175,101.3294425,1083.09863025,2543.322612,0.0,0.0,5400.3425,2543.322612,5400.3425,-2857.019888
2026-01-14 04:00:00+00:00,0.1,0.439999,1345.011542,0.0,15.1128325,115.26749225,1101.614899,2577.54676475,0.0,0.0,5507.4225,2577.54676475,5507.4225,-2929.8757352499997
2026-01-14 05:00:00+00:00,0.1,0.439999,1351.6265050000002,0.0,15.8596465,122.2068435,1117.559495,2607.7924890000004,0.0,0.0,5949.37,2607.7924890000004,5949.37,-3341.5775109999995
2026-01-14 06:00:00+00:00,0.1,0.439999,1346.84163775,0.0,15.346794,122.4479935,1157.48775525,2642.6641795,0.0,0.0,6388.45,2642.6641795,6388.45,-3745.7858204999998
2026-01-14 07:00:00+00:00,0.1,0.439999,1355.62725475,0.0,13.8822705,109.15679675,1194.98158225,2674.18790325,0.0,0.0,6422.16,2674.18790325,6422.16,-3747.9720967499998
2026-01-14 08:00:00+00:00,0.1,0.439999,1354.01697475,0.0,13.3090785,97.97229625,1180.83230125,2646.67064975,0.0,0.0,6414.1775,2646.67064975,6414.1775,-3767.50685025
2026-01-14 09:00:00+00:00,0.1,0.439999,1354.30072675,0.2062965,11.6110615,87.1985325,1178.5513215,2632.40793775,0.0,0.0,6459.96,2632.40793775,6459.96,-3827.55206225
2026-01-14 10:00:00+00:00,0.1,0.439999,1354.067275,0.29994425,12.28798175,75.98565375,1109.67653525,2552.857389,0.0,0.0,6439.3425,2552.857389,6439.3425,-3886.485111
2026-01-14 11:00:00+00:00,0.1,0.439999,1353.4204235,0.377363,13.680176,51.229735500000004,1015.89172725,2435.13942425,0.0,0.0,6397.0675,2435.13942425,6397.0675,-3961.92807575
2026-01-14 12:00:00+00:00,0.1,0.439999,1357.078287,0.24275275000000002,12.844507,31.75604675,994.9031642499999,2397.36475675,0.0,0.0,6358.215,2397.36475675,6358.215,-3960.85024325
2026-01-14 13:00:00+00:00,0.1,0.439999,1352.12053225,0.20911075,12.736839,25.93667,1084.1028322500001,2475.6459832500004,0.0,0.0,6341.525,2475.6459832500004,6341.525,-3865.879016749999
2026-01-14 14:00:00+00:00,0.1,0.439999,1358.31881475,0.0004785,13.6725455,13.533899,1120.99887975,2507.0646165000003,0.0,0.0,6289.76,2507.0646165000003,6289.76,-3782.6953835
2026-01-14 15:00:00+00:00,0.1,0.439999,1360.2256125,0.0,13.1300085,3.5705192500000003,1135.514956,2512.98109525,0.0,0.0,6445.6275000000005,2512.98109525,6445.6275000000005,-3932.6464047500003
2026-01-14 16:00:00+00:00,0.1,0.439999,1370.29295425,0.0,11.517143749999999,0.9252745,1185.9785120000001,2569.2538835000005,0.0,0.0,6441.29,2569.2538835000005,6441.29,-3872.0361164999995
2026-01-14 17:00:00+00:00,0.1,0.439999,1377.3155425,0.0,10.7257875,0.0,1173.8438545,2562.4251835,0.0,0.0,6408.3475,2562.4251835,6408.3475,-3845.9223165
2026-01-14 18:00:00+00:00,0.1,0.439999,1377.047906,0.0,10.86786425,0.0,1148.234575,2536.6903442499997,0.0,0.0,6386.96,2536.6903442499997,6386.96,-3850.2696557500003
2026-01-14 19:00:00+00:00,0.1,0.439999,1376.1224345,0.0,11.09483925,0.0,1124.66899275,2512.4262655,0.0,0.0,6431.06,2512.4262655,6431.06,-3918.6337345
2026-01-14 20:00:00+00:00,0.1,0.439999,1368.9205655,0.0,11.58259225,0.0,1062.4909985,2443.5341552500004,0.0,0.0,6413.6825,2443.5341552500004,6413.6825,-3970.1483447499995
2026-01-14 21:00:00+00:00,0.1,0.439999,1363.9603769999999,0.0,12.0527505,0.0,1076.65201,2453.2051364999998,0.0,0.0,6259.3175,2453.2051364999998,6259.3175,-3806.1123635000004
2026-01-14 22:00:00+00:00,0.1,0.439999,1357.129071,0.0,12.30281475,0.6235775,1070.72350975,2441.318972,0.0,0.0,6060.7074999999995,2441.318972,6060.7074999999995,-3619.3885279999995
2026-01-14 23:00:00+00:00,0.19975,0.439999,1345.9196165,0.0,11.70464725,3.442383,963.891652,2325.59804775,0.0,0.0,5804.37,2325.59804775,5804.37,-3478.7719522499997
2026-01-15 00:00:00+00:00,0.2,0.439999,1332.96740475,0.0,11.27834375,9.109778,968.575353,2322.5708784999997,0.0,0.0,5643.077499999999,2322.5708784999997,5643.077499999999,-3320.5066214999997
2026-01-15 01:00:00+00:00,0.2,0.439999,1327.46279725,0.0,13.033376749999999,6.358419,903.26740625,2250.76199825,0.0,0.0,5540.17,2250.76199825,5540.17,-3289.40800175
2026-01-15 02:00:00+00:00,0.2,0.439999,1312.307712,0.0,14.414335,15.73137575,817.366912,2160.4603337500002,0.0,0.0,5487.9825,2160.4603337500002,5487.9825,-3327.52216625
2026-01-15 03:00:00+00:00,0.2,0.439999,1311.0653095,0.0,13.2223685,21.3648885,785.97148425,2132.2640497499997,0.0,0.0,5487.54,2132.2640497499997,5487.54,-3355.2759502500003
2026-01-15 04:00:00+00:00,0.1003055,0.439999,1325.342263,0.0,14.9088835,23.1904575,841.335908,2205.3178165,0.0,0.0,5633.4225,2205.3178165,5633.4225,-3428.1046834999997
2026-01-15 05:00:00+00:00,0.1,0.439999,1332.82001975,0.0,14.557692,21.8039305,987.09956975,2356.8212110000004,0.0,0.0,6149.275,2356.8212110000004,6149.275,-3792.4537889999992
2026-01-15 06:00:00+00:00,0.1,0.439999,1344.0600642499999,0.0,14.0509975,43.6000755,1104.0363272499999,2506.2874635,0.0,0.0,6698.3675,2506.2874635,6698.3675,-4192.0800365000005
2026-01-15 07:00:00+00:00,0.19977775,0.439999,1355.04181075,0.0,13.822173750000001,37.8548745,1110.3701105,2517.72874625,0.0,0.0,6860.69,2517.72874625,6860.69,-4342.96125375
2026-01-15 08:00:00+00:00,0.2,0.439999,1357.72274125,0.0,13.31092125,51.1305145,1123.21641925,2546.02059525,0.0,0.0,6868.21,2546.02059525,6868.21,-4322.18940475
2026-01-15 09:00:00+00:00,0.2,0.439999,1353.124501,0.1953105,12.1823385,54.256317,1100.8027192499999,2521.20118525,0.0,0.0,6852.6675,2521.20118525,6852.6675,-4331.46631475
2026-01-15 10:00:00+00:00,0.10008325000000001,0.439999,1345.77236825,0.2996795,12.5993845,79.6197165,1065.232654,2504.063885,0.0,0.0,6794.5675,2504.063885,6794.5675,-4290.503615
2026-01-15 11:00:00+00:00,0.1,0.439999,1336.22214675,0.30332725,12.6638325,83.73771024999999,1058.69317425,2492.16019,0.0,0.0,6739.5675,2492.16019,6739.5675,-4247.4073100000005
2026-01-15 12:00:00+00:00,0.1,0.439999,1336.3412535,0.23540625,12.397456,103.52063575,1089.59382675,2542.62857725,0.0,0.0,6684.5275,2542.62857725,6684.5275,-4141.898922750001
2026-01-15 13:00:00+00:00,0.1,0.439999,1341.91300075,0.11111900000000001,12.792718,92.449561,1113.4777307499999,2561.2841284999995,0.0,0.0,6641.98,2561.2841284999995,6641.98,-4080.6958715
2026-01-15 14:00:00+00:00,0.1,0.439999,1353.7902035,0.0001665,13.42360575,118.0022315,1212.61940125,2698.3756075,0.0,0.0,6582.45,2698.3756075,6582.45,-3884.0743924999997
2026-01-15 15:00:00+00:00,0.1,0.439999,1360.868984,0.0,12.28027175,91.46547,1239.77477,2704.9294947500002,0.0,0.0,6589.29,2704.9294947500002,6589.29,-3884.3605052499997
2026-01-15 16:00:00+00:00,0.1,0.439999,1364.8179055,0.0,12.002782999999999,101.33963325,1211.6487155,2690.3490362499997,0.0,0.0,6568.5525,2690.3490362499997,6568.5525,-3878.20346375
2026-01-15 17:00:00+00:00,0.1,0.439999,1369.758288,0.0,11.009594,97.7848595,1209.023798,2688.1165385000004,0.0,0.0,6493.4125,2688.1165385000004,6493.4125,-3805.2959615
2026-01-15 18:00:00+00:00,0.1,0.439999,1365.66062425,0.0,10.20895975,93.3491455,1052.8583825,2522.6171110000005,0.0,0.0,6420.0975,2522.6171110000005,6420.0975,-3897.4803889999994
2026-01-15 19:00:00+00:00,0.1,0.439999,1360.307243,0.0,11.82453975,83.04545875,1007.18755025,2462.90479075,0.0,0.0,6275.015,2462.90479075,6275.015,-3812.1102092500005
2026-01-15 20:00:00+00:00,0.1,0.439999,1352.9568295,0.0,12.005236,76.26801575,975.8803305,2417.65041075,0.0,0.0,6114.1625,2417.65041075,6114.1625,-3696.5120892500004
2026-01-15 21:00:00+00:00,0.1,0.439999,1355.3029025,0.0,13.20297475,81.57610825,953.9419457500001,2404.5639302500003,0.0,0.0,5844.860000000001,2404.5639302500003,5844.860000000001,-3440.2960697500002
2026-01-15 22:00:00+00:00,0.1,0.439999,1350.6553025,0.0,13.29693675,64.8751665,922.13254575,2351.4999505,0.0,0.0,5581.465,2351.4999505,5581.465,-3229.9650495
2026-01-15 23:00:00+00:00,0.19980550000000002,0.439999,1352.77714125,0.0,14.0366315,50.78517075,1048.3054215,2466.5441695,0.0,0.0,5412.8625,2466.5441695,5412.8625,-2946.3183305000002
2026-01-16 00:00:00+00:00,0.2,0.439999,1347.71724675,0.0,14.179753250000001,39.738466,950.771114,2353.046579,0.0,0.0,5227.245,2353.046579,5227.245,-2874.198421
2026-01-16 01:00:00+00:00,0.2,0.439999,1343.24965375,0.0,14.77241575,38.417649,943.51655175,2340.5962692499998,0.0,0.0,5092.55,2340.5962692499998,5092.55,-2751.9537307500004
2026-01-16 02:00:00+00:00,0.2,0.439999,1337.8613835,0.0,15.40696275,58.308839,984.9872935000001,2397.2044777500005,0.0,0.0,5044.22,2397.2044777500005,5044.22,-2647.01552225
2026-01-16 03:00:00+00:00,0.2,0.439999,1335.94881525,0.0,14.538461999999999,56.361715000000004,956.69791675,2364.186908,0.0,0.0,5041.86,2364.186908,5041.86,-2677.6730919999995
2026-01-16 04:00:00+00:00,0.2,0.439999,1331.75869975,0.0,13.9137875,63.2219745,991.08552575,2400.6199865,0.0,0.0,5179.5075,2400.6199865,5179.5075,-2778.8875135
2026-01-16 05:00:00+00:00,0.2,0.439999,1333.64960625,0.0,16.584688999999997,81.1163305,1061.60331475,2493.5939395,0.0,0.0,5561.3875,2493.5939395,5561.3875,-3067.7935605
2026-01-16 06:00:00+00:00,0.2,0.439999,1335.71577,0.0,15.070734999999999,90.0124495,1109.46553125,2550.90448475,0.0,0.0,6042.4974999999995,2550.90448475,6042.4974999999995,-3491.5930152499996
2026-01-16 07:00:00+00:00,0.2,0.439999,1338.4774670000002,0.0,15.14947475,98.33916525000001,1132.19504525,2584.80115125,0.0,0.0,6124.96,2584.80115125,6124.96,-3540.15884875
2026-01-16 08:00:00+00:00,0.2,0.439999,1345.4929295,0.0,14.0567835,98.8742915,1142.9295029999998,2601.9935065,0.0,0.0,6127.4974999999995,2601.9935065,6127.4974999999995,-3525.5039934999995
2026-01-16 09:00:00+00:00,0.2,0.439999,1343.17507525,0.19983325000000002,13.59048925,105.0026225,1108.870367,2571.47838625,0.0,0.0,6125.97,2571.47838625,6125.97,-3554.4916137500004
2026-01-16 10:00:00+00:00,0.2,0.439999,1355.9022117499999,0.2999165,14.555427,125.45758475,1093.45645575,2590.31159475,0.0,0.0,6114.1,2590.31159475,6114.1,-3523.7884052500003
2026-01-16 11:00:00+00:00,0.2,0.439999,1355.53291175,0.39667725,12.98470425,148.23393075,1017.37395375,2535.16217675,0.0,0.0,6140.415,2535.16217675,6140.415,-3605.25282325
2026-01-16 12:00:00+00:00,0.2,0.439999,1355.48485525,0.13414525,12.80176925,156.77776,1065.69614875,2591.5346775,0.0,0.0,6108.875,2591.5346775,6108.875,-3517.3403225
2026-01-16 13:00:00+00:00,0.2,0.439999,1370.072027,0.095749,12.794855,189.555002,1110.22628575,2683.3839177500004,0.0,0.0,6011.4,2683.3839177500004,6011.4,-3328.0160822499993
2026-01-16 14:00:00+00:00,0.2,0.439999,1357.44481025,8.325e-05,15.39848525,215.96500725,1135.72433325,2725.17271825,0.0,0.0,5931.3525,2725.17271825,5931.3525,-3206.17978175
2026-01-16 15:00:00+00:00,0.2,0.439999,1365.152211,0.0,14.00945,215.06963875,1175.978639,2770.84993775,0.0,0.0,6006.9875,2770.84993775,6006.9875,-3236.13756225
2026-01-16 16:00:00+00:00,0.2,0.439999,1362.9037415,0.0,12.997204499999999,198.609845,1170.51120275,2745.6619927499996,0.0,0.0,5954.8525,2745.6619927499996,5954.8525,-3209.1905072500003
2026-01-16 17:00:00+00:00,0.2,0.439999,1364.75745525,0.0,12.1356085,204.7982605,1185.8211605,2768.15248375,0.0,0.0,5858.7375,2768.15248375,5858.7375,-3090.58501625
2026-01-16 18:00:00+00:00,0.2,0.439999,1358.33461125,0.0,12.16553325,204.215288,1132.0726829999999,2707.4281145,0.0,0.0,5708.9375,2707.4281145,5708.9375,-3001.5093855
2026-01-16 19:00:00+00:00,0.2,0.439999,1364.04665725,0.0,12.618435,212.47348125000002,1084.6753302500001,2674.4539027500005,0.0,0.0,5562.95,2674.4539027500005,5562.95,-2888.4960972499994
2026-01-16 20:00:00+00:00,0.2,0.439999,1368.419634,0.0,13.09470775,225.2211355,1084.91375325,2692.2892295,0.0,0.0,5365.1875,2692.2892295,5365.1875,-2672.8982705
2026-01-16 21:00:00+00:00,0.2,0.439999,1372.69921725,0.0,14.342891,191.72822150000002,1085.460824,2664.87115275,0.0,0.0,5206.9825,2664.87115275,5206.9825,-2542.11134725
2026-01-16 22:00:00+00:00,0.2,0.439999,1367.9757195,0.0,13.5277295,188.90735825,1060.2318125,2631.28261875,0.0,0.0,5040.827499999999,2631.28261875,5040.827499999999,-2409.5448812499994
2026-01-16 23:00:00+00:00,0.2,0.439999,1369.29262725,0.0,15.30026775,210.26243525,1020.15025425,2615.6455834999997,0.0,0.0,4874.01,2615.6455834999997,4874.01,-2258.3644165000005
2026-01-17 00:00:00+00:00,0.2,0.439999,1365.21106225,0.0,14.393972250000001,178.22619125,906.611731,2465.08295575,0.0,0.0,4745.5075,2465.08295575,4745.5075,-2280.4245442499996
2026-01-17 01:00:00+00:00,0.2999165,0.439999,1356.7196825,0.0,15.15321925,145.9164695,904.533109,2423.06239575,0.0,0.0,4628.0575,2423.06239575,4628.0575,-2204.9951042499997
2026-01-17 02:00:00+00:00,0.20008325000000002,0.439999,1351.74056425,0.0,16.667908,112.592586,1009.92450225,2491.56564275,0.0,0.0,4570.7425,2491.56564275,4570.7425,-2079.1768572500005
2026-01-17 03:00:00+00:00,0.2,0.439999,1351.21331425,0.0,13.7542645,69.186562,995.3708005,2430.16494025,0.0,0.0,4559.327499999999,2430.16494025,4559.327499999999,-2129.162559749999
2026-01-17 04:00:00+00:00,0.2,0.439999,1344.62639325,0.0,15.4403215,48.096940000000004,1000.5224365,2409.32609025,0.0,0.0,4602.5275,2409.32609025,4602.5275,-2193.20140975
2026-01-17 05:00:00+00:00,0.2,0.439999,1346.958058,0.0,16.82627925,41.24917825,996.24512875,2401.91864325,0.0,0.0,4730.92,2401.91864325,4730.92,-2329.00135675
2026-01-17 06:00:00+00:00,0.2,0.439999,1348.24437575,0.0,16.1451435,16.7742325,1034.822705,2416.62645575,0.0,0.0,4842.58,2416.62645575,4842.58,-2425.95354425
2026-01-17 07:00:00+00:00,0.2,0.439999,1351.26806575,0.0,16.1826345,6.204643,1082.12542275,2456.420765,0.0,0.0,5090.0025000000005,2456.420765,5090.0025000000005,-2633.5817350000007
2026-01-17 08:00:00+00:00,0.2,0.439999,1347.15630725,0.0,17.152602,1.920734,1092.3935617500001,2459.263204,0.0,0.0,5302.81,2459.263204,5302.81,-2843.5467960000005
2026-01-17 09:00:00+00:00,0.2,0.439999,1352.23203225,0.10914575000000001,15.696633,0.5109589999999999,1108.6203615,2477.8091305,0.0,0.0,5469.3175,2477.8091305,5469.3175,-2991.5083695000003
2026-01-17 10:00:00+00:00,0.2,0.40003325,1348.410888,0.1618395,12.6898345,0.26958325,1057.4718865,2419.6040650000004,0.0,0.0,5588.0925,2419.6040650000004,5588.0925,-3168.4884349999993
2026-01-17 11:00:00+00:00,0.2,0.4,1356.25573475,0.2172135,12.39538925,2.277286,1058.5514480000002,2430.2970715,0.0,0.0,5586.1875,2430.2970715,5586.1875,-3155.8904285
2026-01-17 12:00:00+00:00,0.2,0.4,1354.9143065,0.08792425000000001,13.238651,0.37368124999999996,1061.012232,2430.2267949999996,0.0,0.0,5591.6825,2430.2267949999996,5591.6825,-3161.4557050000003
2026-01-17 13:00:00+00:00,0.2,0.4,1354.521152,0.09999225,12.57997075,0.11274425,1096.0607925,2463.97465175,0.0,0.0,5540.365,2463.97465175,5540.365,-3076.39034825
2026-01-17 14:00:00+00:00,0.2,0.4,1353.9338425,8.325e-05,11.025847500000001,0.3606825,1133.257682,2499.17813775,0.0,0.0,5535.17,2499.17813775,5535.17,-3035.99186225
2026-01-17 15:00:00+00:00,0.2,0.4,1356.1444565,0.0,10.777254,1.8258827499999999,1171.3530225,2540.70061575,0.0,0.0,5662.35,2540.70061575,5662.35,-3121.6493842500004
2026-01-17 16:00:00+00:00,0.2,0.4,1354.008425,0.0,10.815935,4.95542675,1174.9724597499999,2545.3522464999996,0.0,0.0,5640.37,2545.3522464999996,5640.37,-3095.0177535000003
2026-01-17 17:00:00+00:00,0.2,0.4,1355.1436705,0.0,11.51235625,13.81518925,1184.214402,2565.285618,0.0,0.0,5576.85,2565.285618,5576.85,-3011.5643820000005
2026-01-17 18:00:00+00:00,0.2,0.4,1352.44893075,0.0,10.96537875,27.86700175,1115.01871925,2506.9000305,0.0,0.0,5471.895,2506.9000305,5471.895,-2964.9949695000005
2026-01-17 19:00:00+00:00,0.2,0.4,1354.77997725,0.0,11.7224715,17.7777355,1093.51491875,2478.395103,0.0,0.0,5363.72,2478.395103,5363.72,-2885.3248970000004
2026-01-17 20:00:00+00:00,0.2,0.4,1351.90078875,0.0,11.54542225,22.517492,1065.051858,2451.6155609999996,0.0,0.0,5226.925,2451.6155609999996,5226.925,-2775.3094390000006
2026-01-17 21:00:00+00:00,0.2,0.4,1348.13774025,0.0,12.36010025,21.61434675,1044.6953265000002,2427.4075137500004,0.0,0.0,5088.235,2427.4075137500004,5088.235,-2660.8274862499993
2026-01-17 22:00:00+00:00,0.2,0.4,1349.074317,0.0,12.179763750000001,26.03729975,1034.852738,2422.7441185,0.0,0.0,4950.085,2422.7441185,4950.085,-2527.3408815000003
2026-01-17 23:00:00+00:00,0.2,0.4,1344.8479725,0.0,12.569581750000001,14.936634,984.44831425,2357.4025024999996,0.0,0.0,4814.815,2357.4025024999996,4814.815,-2457.4124975
2026-01-18 00:00:00+00:00,0.2,0.4,1345.342852,0.0,12.6214005,16.63658475,993.6433470000001,2368.84418425,0.0,0.0,4710.5625,2368.84418425,4710.5625,-2341.71831575
2026-01-18 01:00:00+00:00,0.2,0.4,1347.3091845,0.0,12.25700675,20.626300999999998,961.76825475,2342.560747,0.0,0.0,4614.885,2342.560747,4614.885,-2272.324253
2026-01-18 02:00:00+00:00,0.2,0.4,1343.81815575,0.0,13.48986925,15.850607,963.22794525,2336.9865772499998,0.0,0.0,4561.6775,2336.9865772499998,4561.6775,-2224.69092275
2026-01-18 03:00:00+00:00,0.2,0.4,1344.66042725,0.0,13.019863,13.7385545,963.77477375,2335.7936185,0.0,0.0,4526.0375,2335.7936185,4526.0375,-2190.2438815000005
2026-01-18 04:00:00+00:00,0.2,0.4,1346.8503460000002,0.0,14.0614505,18.27417075,968.2992445,2348.08521175,0.0,0.0,4544.755,2348.08521175,4544.755,-2196.6697882500002
2026-01-18 05:00:00+00:00,0.2,0.4,1347.5580605,0.0,15.13141575,24.47233275,972.26668675,2360.02849575,0.0,0.0,4629.2675,2360.02849575,4629.2675,-2269.23900425
2026-01-18 06:00:00+00:00,0.2,0.4,1344.6352365,0.0,15.633701,11.970214,991.8461225,2364.685274,0.0,0.0,4748.66,2364.685274,4748.66,-2383.974726
2026-01-18 07:00:00+00:00,0.2,0.4,1348.7558987500001,0.0,15.17954875,12.7087545,1007.9615075,2385.2057095,0.0,0.0,4874.2275,2385.2057095,4874.2275,-2489.0217905
2026-01-18 08:00:00+00:00,0.2,0.4,1344.8193525000002,0.0,14.790411500000001,17.1122465,1022.06528,2399.3872905,0.0,0.0,5067.8175,2399.3872905,5067.8175,-2668.4302095000003
2026-01-18 09:00:00+00:00,0.2,0.4,1343.6598565,0.042827,14.047639,12.26446475,1021.58776875,2392.2025559999997,0.0,0.0,5238.6425,2392.2025559999997,5238.6425,-2846.439944
2026-01-18 10:00:00+00:00,0.2999165,0.4,1344.91795625,0.05596925,13.64543225,11.68346675,1011.19467525,2382.19741625,0.0,0.0,5343.8075,2382.19741625,5343.8075,-2961.61008375
2026-01-18 11:00:00+00:00,0.20008325000000002,0.4,1347.9346365000001,0.29923375,12.68173,3.8737595000000002,1011.915176,2377.304619,0.0,0.0,5397.34,2377.304619,5397.34,-3020.035381
2026-01-18 12:00:00+00:00,0.2,0.4,1346.8042905,0.1021145,12.16945125,2.6469755,1012.476653,2374.79948475,0.0,0.0,5422.655,2374.79948475,5422.655,-3047.85551525
2026-01-18 13:00:00+00:00,0.2,0.4,1349.2827305,0.10008325000000001,11.9554255,0.38223425,1063.40030975,2425.72078325,0.0,0.0,5465.53,2425.72078325,5465.53,-3039.80921675
2026-01-18 14:00:00+00:00,0.2,0.4,1356.80036025,8.325e-05,11.9377145,0.5423439999999999,1147.9212995,2517.8018015,0.0,0.0,5526.8525,2517.8018015,5526.8525,-3009.0506985
2026-01-18 15:00:00+00:00,0.2,0.4,1369.7571372500001,0.0,11.283670749999999,2.55272125,1183.1665015,2567.36003075,0.0,0.0,5602.6325,2567.36003075,5602.6325,-3035.2724692499996
2026-01-18 16:00:00+00:00,0.2,0.4,1382.10894675,0.0,11.17668975,4.2290315000000005,1161.0973135,2559.2119814999996,0.0,0.0,5577.54,2559.2119814999996,5577.54,-3018.3280185000003
2026-01-18 17:00:00+00:00,0.2,0.4,1389.1768215,0.0,10.958670000000001,5.70504225,1150.90610875,2557.3466424999997,0.0,0.0,5552.547500000001,2557.3466424999997,5552.547500000001,-2995.200857500001
2026-01-18 18:00:00+00:00,0.2,0.4,1387.7619265,0.0,10.91984975,4.24673925,1075.21386875,2478.74238425,0.0,0.0,5530.875,2478.74238425,5530.875,-3052.13261575
2026-01-18 19:00:00+00:00,0.2,0.4,1396.019542,0.0,9.008005749999999,2.82742675,1136.2954745,2544.750449,0.0,0.0,5473.715,2544.750449,5473.715,-2928.964551
2026-01-18 20:00:00+00:00,0.2,0.4,1393.760856,0.0,8.84145675,2.63400175,1096.1649722500001,2502.00128675,0.0,0.0,5397.8825,2502.00128675,5397.8825,-2895.8812132499997
2026-01-18 21:00:00+00:00,0.2,0.4,1388.28982025,0.0,9.1869,2.41390125,1046.17812225,2446.6687437499995,0.0,0.0,5289.860000000001,2446.6687437499995,5289.860000000001,-2843.191256250001
2026-01-18 22:00:00+00:00,0.2,0.4,1386.402406,0.0,9.379265,0.178549,1040.8647942500002,2437.42501425,0.0,0.0,5078.1775,2437.42501425,5078.1775,-2640.75248575
2026-01-18 23:00:00+00:00,0.2,0.4,1386.616902,0.0,9.7282335,0.0,994.14395675,2391.08909225,0.0,0.0,4909.5325,2391.08909225,4909.5325,-2518.4434077500005
2026-01-19 00:00:00+00:00,0.2,0.4,1378.36664875,0.0,9.2222405,0.0,968.3338865,2356.5227757499997,0.0,0.0,4776.3625,2356.5227757499997,4776.3625,-2419.8397242500005
2026-01-19 01:00:00+00:00,0.2,0.4,1383.158875,0.0,9.22198075,0.0,965.65403825,2358.634894,0.0,0.0,4693.7025,2358.634894,4693.7025,-2335.0676060000005
2026-01-19 02:00:00+00:00,0.2,0.4,1385.120977,0.0,9.675426999999999,0.5276425,971.468584,2367.3926304999995,0.0,0.0,4665.71,2367.3926304999995,4665.71,-2298.3173695000005
2026-01-19 03:00:00+00:00,0.2,0.4,1383.2113765,0.0,10.23423175,4.024249,981.7279175,2379.79777475,0.0,0.0,4695.085,2379.79777475,4695.085,-2315.28722525
2026-01-19 04:00:00+00:00,0.2,0.4,1381.75859025,0.0,9.8769745,5.87259525,975.7193515,2373.8275114999997,0.0,0.0,4862.42,2373.8275114999997,4862.42,-2488.5924885000004
2026-01-19 05:00:00+00:00,0.2,0.4,1394.696638,0.0,10.934035,6.28140075,949.7956622500001,2362.3077359999997,0.0,0.0,5320.5,2362.3077359999997,5320.5,-2958.1922640000003
2026-01-19 06:00:00+00:00,0.2999165,0.4,1398.12342975,0.0,11.514178,4.948344,1090.9998395,2506.28570775,0.0,0.0,5708.43,2506.28570775,5708.43,-3202.1442922500005
2026-01-19 07:00:00+00:00,0.20008325000000002,0.4,1378.405395,0.0,11.76575575,3.783869,1169.55673925,2564.11184225,0.0,0.0,5859.5125,2564.11184225,5859.5125,-3295.40065775
2026-01-19 08:00:00+00:00,0.2,0.4,1381.64153275,0.0,10.54778,0.34891425000000004,1126.861266,2519.999493,0.0,0.0,5847.865,2519.999493,5847.865,-3327.865507
2026-01-19 09:00:00+00:00,0.2999165,0.4,1377.6925740000001,0.2007895,9.92364325,0.0,1062.2554685,2450.7723917499998,0.0,0.0,5837.2,2450.7723917499998,5837.2,-3386.42760825
2026-01-19 10:00:00+00:00,0.3,0.4,1380.362613,0.31717725,9.7293135,0.0,932.5210475,2323.63015125,0.0,0.0,5950.3775,2323.63015125,5950.3775,-3626.7473487499997
2026-01-19 11:00:00+00:00,0.20016650000000002,0.4,1378.651812,0.45469725,8.6231485,0.4285125,981.086284,2369.84462075,0.0,0.0,5985.280000000001,2369.84462075,5985.280000000001,-3615.4353792500006
2026-01-19 12:00:00+00:00,0.29988875,0.4,1383.2544882500001,0.45981725,8.772717,0.02549125,990.84647275,2384.05887525,0.0,0.0,5971.66,2384.05887525,5971.66,-3587.60112475
2026-01-19 13:00:00+00:00,0.20030550000000003,0.4,1401.165638,0.30478150000000004,9.21868875,0.0,1007.1628579999999,2418.45227175,0.0,0.0,5932.01,2418.45227175,5932.01,-3513.5577282500003
2026-01-19 14:00:00+00:00,0.2999165,0.4,1407.0249755,0.000249,10.72127,0.0,1125.050785,2543.497196,0.0,0.0,5886.1175,2543.497196,5886.1175,-3342.6203040000005
2026-01-19 15:00:00+00:00,0.20030550000000003,0.4,1407.1943972499998,0.0,10.15959175,0.0,1125.16396025,2543.11825475,0.0,0.0,6024.6325,2543.11825475,6024.6325,-3481.51424525
2026-01-19 16:00:00+00:00,0.2999165,0.4,1399.32997225,0.0,8.972646000000001,0.0,1226.558871,2635.5614057499997,0.0,0.0,6004.675,2635.5614057499997,6004.675,-3369.1135942500005
2026-01-19 17:00:00+00:00,0.20008325000000002,0.4,1404.1796387499999,0.0,8.16030275,0.0,1180.0921355,2593.03216025,0.0,0.0,5913.1525,2593.03216025,5913.1525,-3320.1203397500003
2026-01-19 18:00:00+00:00,0.2,0.4,1397.288793,0.0,8.174078999999999,0.0,1146.1654285,2552.2283005,0.0,0.0,5805.8775000000005,2552.2283005,5805.8775000000005,-3253.6491995000006
2026-01-19 19:00:00+00:00,0.29988875,0.4,1400.22641125,0.0,8.7196565,0.0,1063.54843325,2473.1943897499996,0.0,0.0,5724.175,2473.1943897499996,5724.175,-3250.9806102500006
2026-01-19 20:00:00+00:00,0.20019425000000002,0.4,1399.3220509999999,0.0,8.60843425,0.0,1081.14489875,2489.67557825,0.0,0.0,5671.8175,2489.67557825,5671.8175,-3182.14192175
2026-01-19 21:00:00+00:00,0.2,0.4,1399.7622967500001,0.0,9.2529705,0.0,1065.5744292499999,2475.1896964999996,0.0,0.0,5539.155,2475.1896964999996,5539.155,-3063.9653035
2026-01-19 22:00:00+00:00,0.2,0.4,1391.769744,0.0,9.799118499999999,0.0,1036.36885075,2438.53771325,0.0,0.0,5305.4400000000005,2438.53771325,5305.4400000000005,-2866.9022867500007
2026-01-19 23:00:00+00:00,0.2,0.4,1381.50128575,0.0,10.219237,0.0,940.08095825,2332.401481,0.0,0.0,5063.1375,2332.401481,5063.1375,-2730.736019
2026-01-20 00:00:00+00:00,0.2998055,0.4,1381.1620635,0.0,9.878357,0.0,774.8089707500001,2166.54919675,0.0,0.0,4950.47,2166.54919675,4950.47,-2783.92080325
2026-01-20 01:00:00+00:00,0.20008325000000002,0.4,1388.64864625,0.0,10.03759225,0.0,749.6643305,2148.9506522499996,0.0,0.0,4857.8925,2148.9506522499996,4857.8925,-2708.9418477500003
2026-01-20 02:00:00+00:00,0.2998055,0.4,1385.99976175,0.0,10.16565425,0.0,661.99906775,2058.86428925,0.0,0.0,4808.99,2058.86428925,4808.99,-2750.1257107499996
2026-01-20 03:00:00+00:00,0.20008325000000002,0.4,1381.083513,0.0,10.3670145,0.0,661.52648575,2053.5770965,0.0,0.0,4831.0725,2053.5770965,4831.0725,-2777.4954035
2026-01-20 04:00:00+00:00,0.2,0.4,1380.8496915,0.0,11.076581000000001,0.0,640.2618845,2032.788157,0.0,0.0,5017.1475,2032.788157,5017.1475,-2984.359343
2026-01-20 05:00:00+00:00,0.2999165,0.4,1385.72768175,0.0,11.849772999999999,0.0,742.56400675,2140.841378,0.0,0.0,5517.39,2140.841378,5517.39,-3376.5486220000003
2026-01-20 06:00:00+00:00,0.3,0.4,1389.8109665,0.0,11.27482725,0.0,1134.58075175,2536.3665455,0.0,0.0,5888.3325,2536.3665455,5888.3325,-3351.9659545000004
2026-01-20 07:00:00+00:00,0.3,0.4,1398.045055,0.0,11.03928625,0.0,1221.54523275,2631.3295740000003,0.0,0.0,6019.22,2631.3295740000003,6019.22,-3387.890426
2026-01-20 08:00:00+00:00,0.20008325000000002,0.4,1399.9087375,0.0,10.6005665,0.0,1148.02771525,2559.1371025,0.0,0.0,6008.645,2559.1371025,6008.645,-3449.5078975000006
2026-01-20 09:00:00+00:00,0.2999165,0.4,1386.949309,0.2276825,10.00302325,0.0,1001.737473,2399.61740425,0.0,0.0,6039.6875,2399.61740425,6039.6875,-3640.07009575
2026-01-20 10:00:00+00:00,0.3,0.4,1385.01093425,0.299722,10.30556425,0.0,928.855473,2325.1716935,0.0,0.0,6092.3025,2325.1716935,6092.3025,-3767.1308065
2026-01-20 11:00:00+00:00,0.3,0.4,1378.90081225,0.400336,9.3685125,0.0,909.8359312499999,2299.205592,0.0,0.0,6117.594999999999,2299.205592,6117.594999999999,-3818.3894079999995
2026-01-20 12:00:00+00:00,0.3,0.4,1380.38412275,0.32435125,9.74406125,0.0,888.373364,2279.5258992500003,0.0,0.0,6066.795,2279.5258992500003,6066.795,-3787.26910075
2026-01-20 13:00:00+00:00,0.3,0.4,1379.756711,0.29188000000000003,9.385918,0.0,898.33603275,2288.47054175,0.0,0.0,6094.1575,2288.47054175,6094.1575,-3805.6869582500003
2026-01-20 14:00:00+00:00,0.3,0.4,1383.00015375,0.00156275,10.5297555,0.0,1060.18144375,2454.41291575,0.0,0.0,6141.925,2454.41291575,6141.925,-3687.51208425
2026-01-20 15:00:00+00:00,0.3,0.4,1388.1687885,0.0,10.016319750000001,0.0,1231.688373,2630.57348125,0.0,0.0,6341.385,2630.57348125,6341.385,-3710.8115187500002
2026-01-20 16:00:00+00:00,0.20027775,0.4,1388.594497,0.0,8.07147375,0.0,1241.2768772499999,2638.54312575,0.0,0.0,6332.17,2638.54312575,6332.17,-3693.62687425
2026-01-20 17:00:00+00:00,0.2,0.4,1383.9058925,0.0,5.8706225,0.0,1199.8048915,2590.1814065,0.0,0.0,6252.08,2590.1814065,6252.08,-3661.8985935
2026-01-20 18:00:00+00:00,0.2,0.4,1380.06650175,0.0,7.3270205,0.6987695,1110.685305,2499.3775967499996,0.0,0.0,6155.2875,2499.3775967499996,6155.2875,-3655.9099032500008
2026-01-20 19:00:00+00:00,0.2,0.4,1380.4606362499999,0.0,8.70364225,1.50960975,1050.07534175,2441.34923,0.0,0.0,6075.22,2441.34923,6075.22,-3633.8707700000004
2026-01-20 20:00:00+00:00,0.2,0.4,1378.4614147500001,0.0,8.781278,0.1139165,1029.231682,2417.18829125,0.0,0.0,5978.0025000000005,2417.18829125,5978.0025000000005,-3560.8142087500005
2026-01-20 21:00:00+00:00,0.2,0.4,1372.26282725,0.0,9.70986925,0.7682235,987.58352575,2370.92444575,0.0,0.0,5959.52,2370.92444575,5959.52,-3588.5955542500005
2026-01-20 22:00:00+00:00,0.2,0.4,1365.12918475,0.0,9.16196875,1.56877,942.92725475,2319.38717825,0.0,0.0,5742.545,2319.38717825,5742.545,-3423.15782175
2026-01-20 23:00:00+00:00,0.2,0.4,1361.915592,0.0,10.050933,2.06054625,971.18531675,2345.812388,0.0,0.0,5474.0,2345.812388,5474.0,-3128.187612
2026-01-21 00:00:00+00:00,0.2,0.4,1355.6611295,0.0,10.1470865,2.526414,904.0477014999999,2272.9823314999994,0.0,0.0,5347.65,2272.9823314999994,5347.65,-3074.6676685
2026-01-21 01:00:00+00:00,0.2,0.4,1350.6738265,0.0,10.0205685,2.73676675,940.3817165,2304.41287825,0.0,0.0,5257.335,2304.41287825,5257.335,-2952.92212175
2026-01-21 02:00:00+00:00,0.2999165,0.4,1344.82392525,0.0,10.34040475,3.92023325,810.45172475,2170.2362045,0.0,0.0,5215.9925,2170.2362045,5215.9925,-3045.7562955000003
2026-01-21 03:00:00+00:00,0.20033325000000002,0.4,1344.168829,0.0,10.69179525,5.61979525,785.0705350000001,2146.15128775,0.0,0.0,5213.3025,2146.15128775,5213.3025,-3067.15121225
2026-01-21 04:00:00+00:00,0.2,0.4,1343.91818525,0.0,10.96371975,5.47677375,909.2114584999999,2270.17013725,0.0,0.0,5376.29,2270.17013725,5376.29,-3106.11986275
2026-01-21 05:00:00+00:00,0.2,0.4,1361.2606082500001,0.0,12.0808035,8.02454275,822.135168,2204.1011225,0.0,0.0,5808.73,2204.1011225,5808.73,-3604.6288774999994
2026-01-21 06:00:00+00:00,0.2,0.4,1374.1003974999999,0.0,11.98862625,10.2581695,982.3477137500001,2379.2949069999995,0.0,0.0,6270.985000000001,2379.2949069999995,6270.985000000001,-3891.690093000001
2026-01-21 07:00:00+00:00,0.2,0.4,1378.16180525,0.0,12.047312,14.900274249999999,1008.859916,2414.5693075,0.0,0.0,6252.3,2414.5693075,6252.3,-3837.7306925000003
2026-01-21 08:00:00+00:00,0.2,0.4,1380.6409975,0.0,10.83924625,13.7384855,1030.1731882499998,2435.9919174999995,0.0,0.0,6222.5775,2435.9919174999995,6222.5775,-3786.585582500001
2026-01-21 09:00:00+00:00,0.29963875,0.43985474999999996,1373.84882475,0.30537274999999997,10.34445525,17.536135,959.8280645,2362.60234575,0.0,0.0,6227.82,2362.60234575,6227.82,-3865.2176542499997
2026-01-21 10:00:00+00:00,0.3,0.439999,1373.53694325,0.36620325,10.388938,20.48992075,897.8303657499999,2303.3523699999996,0.0,0.0,6360.2425,2303.3523699999996,6360.2425,-4056.8901300000007
2026-01-21 11:00:00+00:00,0.20025,0.439999,1370.26980125,0.40312125,10.37167675,24.136142,780.29290175,2186.1138920000003,0.0,0.0,6402.6375,2186.1138920000003,6402.6375,-4216.5236079999995
2026-01-21 12:00:00+00:00,0.29974999999999996,0.439999,1371.67812525,0.33942475,10.5299565,15.40768,861.8499087499999,2260.54484425,0.0,0.0,6433.66,2260.54484425,6433.66,-4173.11515575
2026-01-21 13:00:00+00:00,0.3,0.439999,1381.9418055,0.2840595,11.436688,18.40871525,872.94749875,2285.758766,0.0,0.0,6409.245,2285.758766,6409.245,-4123.486234
2026-01-21 14:00:00+00:00,0.3,0.439999,1376.88439675,0.000692,11.306818,23.69014,949.9685265,2362.59057225,0.0,0.0,6270.5125,2362.59057225,6270.5125,-3907.9219277499997
2026-01-21 15:00:00+00:00,0.3,0.439999,1373.57674925,0.0,10.46582575,27.4904115,964.7622477499999,2377.0352332499997,0.0,0.0,6389.4,2377.0352332499997,6389.4,-4012.36476675
2026-01-21 16:00:00+00:00,0.3,0.439999,1376.7457775,0.0,9.524951,27.43300525,1006.711956,2421.15568875,0.0,0.0,6390.08,2421.15568875,6390.08,-3968.92431125
2026-01-21 17:00:00+00:00,0.20025,0.439999,1369.838579,0.0,8.46610475,31.388084,931.3349782500001,2341.6679950000002,0.0,0.0,6284.045,2341.6679950000002,6284.045,-3942.377005
2026-01-21 18:00:00+00:00,0.299722,0.439999,1365.90886675,0.0,8.717631,41.9336915,1066.32256275,2483.622473,0.0,0.0,6294.7325,2483.622473,6294.7325,-3811.110027
2026-01-21 19:00:00+00:00,0.3,0.439999,1363.64673775,0.0,9.34653425,37.54052625,1049.9654315,2461.23922875,0.0,0.0,6254.54,2461.23922875,6254.54,-3793.30077125
2026-01-21 20:00:00+00:00,0.20027775,0.439999,1365.30097075,0.0,10.8397465,41.529399,963.0610577499999,2381.37145075,0.0,0.0,6111.58,2381.37145075,6111.58,-3730.20854925
2026-01-21 21:00:00+00:00,0.2,0.439999,1357.399474,0.0,11.476643750000001,43.99955825,949.46755825,2362.98323325,0.0,0.0,5899.955,2362.98323325,5899.955,-3536.97176675
2026-01-21 22:00:00+00:00,0.2,0.439999,1358.23400375,0.0,12.06099325,42.61470725,858.2222784999999,2271.77198175,0.0,0.0,5612.5475,2271.77198175,5612.5475,-3340.7755182499995
2026-01-21 23:00:00+00:00,0.2,0.439999,1346.5939085,0.0,10.9595635,41.70321175,744.8877825,2144.78446525,0.0,0.0,5413.335,2144.78446525,5413.335,-3268.55053475
2026-01-22 00:00:00+00:00,0.2,0.439999,1330.23688875,0.0,11.41071925,44.84201575,790.54088675,2177.6705094999998,0.0,0.0,5276.225,2177.6705094999998,5276.225,-3098.5544905000006
2026-01-22 01:00:00+00:00,0.2,0.439999,1323.16012225,0.0,11.688210250000001,45.0666375,763.05175725,2143.60672625,0.0,0.0,5159.8550000000005,2143.60672625,5159.8550000000005,-3016.2482737500004
2026-01-22 02:00:00+00:00,0.2,0.439999,1324.657817,0.0,12.37706725,44.3054845,781.7314555,2163.7118232499997,0.0,0.0,5098.0725,2163.7118232499997,5098.0725,-2934.3606767500005
2026-01-22 03:00:00+00:00,0.2,0.439999,1326.2272762500002,0.0,10.98110025,51.25665075,735.45839275,2124.563419,0.0,0.0,5088.7275,2124.563419,5088.7275,-2964.164081
2026-01-22 04:00:00+00:00,0.2,0.439999,1326.879806,0.0,11.8430735,54.283717499999995,778.984282,2172.630878,0.0,0.0,5233.54,2172.630878,5233.54,-3060.909122
2026-01-22 05:00:00+00:00,0.2,0.439999,1331.7161099999998,0.0,12.777221749999999,55.908317,804.0442555,2205.08590325,0.0,0.0,5723.0725,2205.08590325,5723.0725,-3517.9865967500004
2026-01-22 06:00:00+00:00,0.2,0.439999,1344.5159330000001,0.0,12.6544785,55.47857425,1089.97194025,2503.2609250000005,0.0,0.0,6185.0575,2503.2609250000005,6185.0575,-3681.7965749999994
2026-01-22 07:00:00+00:00,0.2,0.439999,1329.550007,0.0,12.15490175,57.28176225,1148.103018,2547.729688,0.0,0.0,6343.4525,2547.729688,6343.4525,-3795.7228120000004
2026-01-22 08:00:00+00:00,0.2,0.439999,1331.16721475,0.0,11.092606,62.1155,1148.9189717499999,2553.9342914999997,0.0,0.0,6360.215,2553.9342914999997,6360.215,-3806.2807085000004
2026-01-22 09:00:00+00:00,0.2,0.439999,1341.9704582499999,0.36226725,11.831330999999999,62.528822000000005,1093.6373475,2510.970225,0.0,0.0,6396.8525,2510.970225,6396.8525,-3885.882275
2026-01-22 10:00:00+00:00,0.2,0.439999,1361.1260204999999,0.44312450000000003,12.27429075,55.7506145,1021.8267025,2452.0607517500002,0.0,0.0,6423.8875,2452.0607517500002,6423.8875,-3971.8267482499996
2026-01-22 11:00:00+00:00,0.29977775,0.439999,1358.87557375,0.409975,12.024511,55.75793075,968.76516275,2396.5729300000003,0.0,0.0,6422.6375,2396.5729300000003,6422.6375,-4026.0645699999995
2026-01-22 12:00:00+00:00,0.3,0.439999,1333.0854785,0.4035585,12.45124975,52.9682885,971.621203,2371.2697772499996,0.0,0.0,6414.405,2371.2697772499996,6414.405,-4043.13522275
2026-01-22 13:00:00+00:00,0.3,0.439999,1339.474463,0.31617249999999997,12.54224925,55.77578225,1044.73807725,2453.58674325,0.0,0.0,6418.0525,2453.58674325,6418.0525,-3964.46575675
2026-01-22 14:00:00+00:00,0.200222,0.439999,1361.8062439999999,0.00057725,13.081008749999999,54.24399,1142.29839725,2572.07043825,0.0,0.0,6435.7375,2572.07043825,6435.7375,-3863.6670617500004
2026-01-22 15:00:00+00:00,0.29977775,0.439999,1358.2799425,0.0,12.24522475,57.32986425,1155.3109525,2583.90576075,0.0,0.0,6588.4375,2583.90576075,6588.4375,-4004.53173925
2026-01-22 16:00:00+00:00,0.3,0.439999,1361.68985725,0.0,11.7449625,55.366294249999996,1193.8652245,2623.4063374999996,0.0,0.0,6588.5325,2623.4063374999996,6588.5325,-3965.1261625000006
2026-01-22 17:00:00+00:00,0.3,0.439999,1358.64537575,0.0,11.2230605,55.319835499999996,1210.281214,2636.2094847500002,0.0,0.0,6543.49,2636.2094847500002,6543.49,-3907.2805152499996
2026-01-22 18:00:00+00:00,0.3,0.439999,1347.8577010000001,0.0,11.04979075,47.23628175,1146.7983725,2553.6821449999998,0.0,0.0,6451.0275,2553.6821449999998,6451.0275,-3897.3453550000004
2026-01-22 19:00:00+00:00,0.3,0.439999,1335.8152685,0.0,12.84378575,41.59703025,1163.89437075,2554.89045425,0.0,0.0,6391.385,2554.89045425,6391.385,-3836.4945457500003
2026-01-22 20:00:00+00:00,0.3,0.439999,1337.30369375,0.0,12.7600655,50.5213165,1063.3548335,2464.67990825,0.0,0.0,6290.672500000001,2464.67990825,6290.672500000001,-3825.9925917500004
2026-01-22 21:00:00+00:00,0.3,0.439999,1341.824866,0.0,12.3309095,57.441537749999995,982.4149625,2394.7522747499997,0.0,0.0,6111.849999999999,2394.7522747499997,6111.849999999999,-3717.0977252499997
2026-01-22 22:00:00+00:00,0.3,0.439999,1326.4924879999999,0.0,11.4619525,47.9727785,924.9315205,2311.5987385,0.0,0.0,5878.5375,2311.5987385,5878.5375,-3566.9387615000005
2026-01-22 23:00:00+00:00,0.3,0.439999,1326.40856725,0.0,12.2090195,50.364577,869.162203,2258.88436575,0.0,0.0,5663.02,2258.88436575,5663.02,-3404.1356342500003
2026-01-23 00:00:00+00:00,0.3,0.439999,1309.314492,0.0,12.65087475,51.535253749999995,855.9828042500001,2230.2234237499997,0.0,0.0,5525.4275,2230.2234237499997,5525.4275,-3295.20407625
2026-01-23 01:00:00+00:00,0.3,0.439999,1292.194495,0.0,11.81853525,53.02684625,808.13393875,2165.9138142499996,0.0,0.0,5429.969999999999,2165.9138142499996,5429.969999999999,-3264.0561857499997
2026-01-23 02:00:00+00:00,0.3,0.439999,1297.8843705,0.0,12.87868725,57.4563275,807.21970125,2176.1790855,0.0,0.0,5359.945,2176.1790855,5359.945,-3183.7659145
2026-01-23 03:00:00+00:00,0.3,0.439999,1299.6144295,0.0,12.74926225,59.16374825,790.2407557500001,2162.50819475,0.0,0.0,5355.014999999999,2162.50819475,5355.014999999999,-3192.5068052499996
2026-01-23 04:00:00+00:00,0.200222,0.439999,1320.11449825,0.0,13.04971725,58.20680275,818.9114844999999,2210.92272375,0.0,0.0,5518.2325,2210.92272375,5518.2325,-3307.30977625
2026-01-23 05:00:00+00:00,0.29977775,0.439999,1330.95857075,0.0,13.3025465,58.229029499999996,955.13857125,2358.36849475,0.0,0.0,5988.105,2358.36849475,5988.105,-3629.7365052499995
2026-01-23 06:00:00+00:00,0.200222,0.439999,1341.937983,0.0,13.83355725,60.9666775,1159.60291875,2576.9813575000003,0.0,0.0,6502.3125,2576.9813575000003,6502.3125,-3925.3311424999997
2026-01-23 07:00:00+00:00,0.2,0.439999,1351.29734575,0.0,13.5979015,53.6591365,1220.196943,2639.39132575,0.0,0.0,6678.67,2639.39132575,6678.67,-4039.27867425
2026-01-23 08:00:00+00:00,0.29994425,0.439999,1353.989377,0.0,12.47367575,55.1259355,1194.7363355,2617.065267,0.0,0.0,6687.9625,2617.065267,6687.9625,-4070.8972329999997
2026-01-23 09:00:00+00:00,0.3,0.439999,1347.32075325,0.349214,12.14448475,53.037442999999996,1165.370588,2578.962482,0.0,0.0,6704.6325,2578.962482,6704.6325,-4125.670018
2026-01-23 10:00:00+00:00,0.3,0.439999,1345.04746225,0.42964,12.37620475,47.12243825,1085.89477825,2491.6105225,0.0,0.0,6770.2625,2491.6105225,6770.2625,-4278.6519775
2026-01-23 11:00:00+00:00,0.3,0.439999,1338.6194500000001,0.40199225,11.4964355,43.51406125,1051.494477,2446.266415,0.0,0.0,6765.7,2446.266415,6765.7,-4319.433585
2026-01-23 12:00:00+00:00,0.3,0.439999,1344.3317645,0.30334225,11.16967075,41.143651750000004,1058.2556915,2455.94411975,0.0,0.0,6747.285,2455.94411975,6747.285,-4291.34088025
2026-01-23 13:00:00+00:00,0.3,0.439999,1336.55999625,0.268895,10.96659925,39.235914,1085.23507625,2473.00647975,0.0,0.0,6749.1675,2473.00647975,6749.1675,-4276.16102025
2026-01-23 14:00:00+00:00,0.3,0.439999,1342.596457,0.000747,11.5864575,39.2477525,1150.4656117499999,2544.63702475,0.0,0.0,6786.1825,2544.63702475,6786.1825,-4241.54547525
2026-01-23 15:00:00+00:00,0.3,0.439999,1342.94291225,0.0,12.04900125,43.556107499999996,1179.222639,2578.510659,0.0,0.0,6827.12,2578.510659,6827.12,-4248.609340999999
2026-01-23 16:00:00+00:00,0.3,0.439999,1341.91805675,0.0,10.93459175,43.21793525,1181.6217475,2578.4323302499997,0.0,0.0,6821.045,2578.4323302499997,6821.045,-4242.61266975
2026-01-23 17:00:00+00:00,0.3,0.439999,1335.20238475,0.0,10.701061,38.504309,1176.73969325,2561.887447,0.0,0.0,6757.23,2561.887447,6757.23,-4195.3425529999995
2026-01-23 18:00:00+00:00,0.3,0.439999,1327.9951,0.0,10.0527835,37.4989365,1140.62716125,2516.91398025,0.0,0.0,6626.31,2516.91398025,6626.31,-4109.39601975
2026-01-23 19:00:00+00:00,0.3,0.439999,1323.3483185,0.0,11.603474,32.78054425,1102.19420025,2470.6665359999997,0.0,0.0,6445.4225,2470.6665359999997,6445.4225,-3974.755964
2026-01-23 20:00:00+00:00,0.3,0.439999,1318.179291,0.0,11.52817175,34.9046375,929.36615425,2294.7182534999997,0.0,0.0,6248.9975,2294.7182534999997,6248.9975,-3954.2792465000007
2026-01-23 21:00:00+00:00,0.3,0.439999,1310.81180375,0.0,13.22657,32.1893745,926.5831029999999,2283.5508502499997,0.0,0.0,6063.75,2283.5508502499997,6063.75,-3780.1991497500003
2026-01-23 22:00:00+00:00,0.3,0.439999,1305.0176377500002,0.0,13.57550225,43.32926775,925.1410892499999,2287.803496,0.0,0.0,5905.7225,2287.803496,5905.7225,-3617.919004
2026-01-23 23:00:00+00:00,0.3,0.439999,1296.11425975,0.0,14.288484,45.81338325,824.4390257499999,2181.39515175,0.0,0.0,5711.41,2181.39515175,5711.41,-3530.01484825
2026-01-24 00:00:00+00:00,0.3,0.439999,1282.3855764999998,0.0,13.9279665,42.552960999999996,850.124329,2189.7308319999997,0.0,0.0,5590.4075,2189.7308319999997,5590.4075,-3400.6766680000005
2026-01-24 01:00:00+00:00,0.3,0.439999,1271.50510125,0.0,13.6292525,30.021088499999998,753.6507885,2069.54622975,0.0,0.0,5466.92,2069.54622975,5466.92,-3397.3737702500002
2026-01-24 02:00:00+00:00,0.3,0.439999,1269.330976,0.0,14.44125125,22.11393175,789.00367625,2095.62983425,0.0,0.0,5385.64,2095.62983425,5385.64,-3290.0101657500004
2026-01-24 03:00:00+00:00,0.3,0.439999,1264.11001725,0.0,13.4238105,19.729070749999998,768.71106725,2066.71396475,0.0,0.0,5366.594999999999,2066.71396475,5366.594999999999,-3299.8810352499995
2026-01-24 04:00:00+00:00,0.3,0.439999,1268.37466875,0.0,14.24695425,17.70568225,786.2513515,2087.3186557500003,0.0,0.0,5384.78,2087.3186557500003,5384.78,-3297.4613442499995
2026-01-24 05:00:00+00:00,0.20030550000000003,0.439999,1279.14519425,0.0,16.32384175,14.018942000000001,747.50970325,2057.6379857499996,0.0,0.0,5508.145,2057.6379857499996,5508.145,-3450.507014250001
2026-01-24 06:00:00+00:00,0.29977775,0.439999,1276.33173725,0.0,17.10129975,14.07799525,767.8266775,2076.0774865,0.0,0.0,5653.63,2076.0774865,5653.63,-3577.5525135000003
2026-01-24 07:00:00+00:00,0.3,0.439999,1282.9430375,0.0,16.82949275,14.31980125,996.4582419999999,2311.2905725,0.0,0.0,5890.2875,2311.2905725,5890.2875,-3578.9969275000003
2026-01-24 08:00:00+00:00,0.3,0.439999,1279.62481175,0.0,16.8313245,13.66197975,1084.93625025,2395.79436525,0.0,0.0,6067.1925,2395.79436525,6067.1925,-3671.3981347500003
2026-01-24 09:00:00+00:00,0.3,0.439999,1286.270187,0.1995555,16.04684825,13.51501975,1093.66722625,2410.43883575,0.0,0.0,6268.425,2410.43883575,6268.425,-3857.98616425
2026-01-24 10:00:00+00:00,0.3,0.439999,1288.01295075,0.29977775,16.0995755,13.7592015,1078.410512,2397.3220165,0.0,0.0,6352.719999999999,2397.3220165,6352.719999999999,-3955.3979834999996
2026-01-24 11:00:00+00:00,0.3,0.439999,1289.97944225,0.39966650000000004,16.11620475,13.58215225,1041.868314,2362.68577875,0.0,0.0,6399.7175,2362.68577875,6399.7175,-4037.03172125
2026-01-24 12:00:00+00:00,0.3,0.439999,1288.705609,0.20333325000000002,15.60592825,10.83888,1018.0319195,2334.125669,0.0,0.0,6367.4574999999995,2334.125669,6367.4574999999995,-4033.3318309999995
2026-01-24 13:00:00+00:00,0.3,0.439999,1296.1820484999998,0.1003055,15.16818,12.94339475,1073.37043825,2398.5043659999997,0.0,0.0,6314.215,2398.5043659999997,6314.215,-3915.7106340000005
2026-01-24 14:00:00+00:00,0.3,0.439999,1293.3121852499999,5.55e-05,14.568216,15.22587525,1136.74130825,2460.5876392499995,0.0,0.0,6311.3075,2460.5876392499995,6311.3075,-3850.7198607500004
2026-01-24 15:00:00+00:00,0.3,0.439999,1297.7905145,0.0,13.80476475,10.056756,1163.69816825,2486.0902024999996,0.0,0.0,6412.842500000001,2486.0902024999996,6412.842500000001,-3926.752297500001
2026-01-24 16:00:00+00:00,0.3,0.439999,1293.8336052500001,0.0,14.178752249999999,12.30949525,1198.26429525,2519.3261469999998,0.0,0.0,6410.2775,2519.3261469999998,6410.2775,-3890.9513530000004
2026-01-24 17:00:00+00:00,0.3,0.439999,1294.0794185,0.0,14.67688225,14.02855125,1170.742454,2494.267305,0.0,0.0,6335.0675,2494.267305,6335.0675,-3840.8001950000003
2026-01-24 18:00:00+00:00,0.3,0.439999,1292.2273304999999,0.0,14.678552750000001,12.5734325,1159.9892855,2480.20860025,0.0,0.0,6247.295,2480.20860025,6247.295,-3767.08639975
2026-01-24 19:00:00+00:00,0.3,0.439999,1289.903077,0.0,15.1068165,13.09388025,1110.421923,2429.26569575,0.0,0.0,6128.63,2429.26569575,6128.63,-3699.3643042500003
2026-01-24 20:00:00+00:00,0.3,0.439999,1281.05853625,0.0,15.33811075,8.720827,1030.60883575,2336.4663087500003,0.0,0.0,5980.3425,2336.4663087500003,5980.3425,-3643.8761912499995
2026-01-24 21:00:00+00:00,0.3,0.439999,1281.11832775,0.0,15.38520825,5.706064,1013.3964687499999,2316.3460677499997,0.0,0.0,5834.92,2316.3460677499997,5834.92,-3518.5739322500003
2026-01-24 22:00:00+00:00,0.3,0.439999,1276.3445315000001,0.0,16.119528,7.557282000000001,901.54816125,2202.30950175,0.0,0.0,5679.219999999999,2202.30950175,5679.219999999999,-3476.9104982499994
2026-01-24 23:00:00+00:00,0.3,0.439999,1268.03909,0.0,16.417476,9.631799749999999,875.02446025,2169.852825,0.0,0.0,5535.555,2169.852825,5535.555,-3365.7021750000004
2026-01-25 00:00:00+00:00,0.20033325000000002,0.439999,1257.10770675,0.0,16.13067875,5.0705884999999995,851.331149,2130.28045525,0.0,0.0,5468.115,2130.28045525,5468.115,-3337.8345447499996
2026-01-25 01:00:00+00:00,0.29977775,0.439999,1260.1950725,0.0,16.24371525,8.3909035,810.53813925,2096.1076072499995,0.0,0.0,5425.7775,2096.1076072499995,5425.7775,-3329.6698927500006
2026-01-25 02:00:00+00:00,0.3,0.439999,1251.74982325,0.0,17.3390345,11.83821125,828.11169025,2109.77875825,0.0,0.0,5374.035,2109.77875825,5374.035,-3264.25624175
2026-01-25 03:00:00+00:00,0.3,0.439999,1248.9209125,0.0,16.10470725,12.81140675,834.2949475,2112.8719730000003,0.0,0.0,5350.16,2112.8719730000003,5350.16,-3237.2880269999996
2026-01-25 04:00:00+00:00,0.3,0.439999,1250.5005165,0.0,16.714202,10.39296625,784.5282685,2062.8759522499995,0.0,0.0,5361.8825,2062.8759522499995,5361.8825,-3299.00654775
2026-01-25 05:00:00+00:00,0.20030550000000003,0.439999,1258.79530125,0.0,18.082607,8.42072675,768.336361,2054.2753005,0.0,0.0,5427.72,2054.2753005,5427.72,-3373.4446995000003
2026-01-25 06:00:00+00:00,0.2,0.439999,1254.17450675,0.0,19.21481525,9.5870345,823.816646,2107.4330015,0.0,0.0,5495.875,2107.4330015,5495.875,-3388.4419985
2026-01-25 07:00:00+00:00,0.2,0.439999,1260.94584725,0.0,18.699785,13.572552250000001,880.55069725,2174.40888075,0.0,0.0,5683.955,2174.40888075,5683.955,-3509.5461192499997
2026-01-25 08:00:00+00:00,0.29969425,0.439999,1282.26370925,0.0,18.83096175,6.470477499999999,1032.13132825,2340.43617,0.0,0.0,5872.905,2340.43617,5872.905,-3532.46883
2026-01-25 09:00:00+00:00,0.2005555,0.439999,1296.639462,0.19888875,17.7339435,4.061713,999.32637775,2318.6009395,0.0,0.0,6037.2625,2318.6009395,6037.2625,-3718.6615604999997
2026-01-25 10:00:00+00:00,0.29969425,0.439999,1299.7144497499999,0.29969425,17.62131275,1.66244825,1024.84834675,2344.885945,0.0,0.0,6132.4575,2344.885945,6132.4575,-3787.5715550000004
2026-01-25 11:00:00+00:00,0.3,0.439999,1295.9894985,0.38694825,17.377133750000002,2.1933165,1001.97192475,2318.65882075,0.0,0.0,6157.9375,2318.65882075,6157.9375,-3839.27867925
2026-01-25 12:00:00+00:00,0.3,0.439999,1300.5733747499999,0.20044425000000002,16.68053525,2.965144,1020.892243,2342.05174025,0.0,0.0,6186.3125,2342.05174025,6186.3125,-3844.26075975
2026-01-25 13:00:00+00:00,0.3,0.439999,1300.36692625,0.1003055,16.220012,1.63524675,1023.6350257500001,2342.69751525,0.0,0.0,6240.245,2342.69751525,6240.245,-3897.54748475
2026-01-25 14:00:00+00:00,0.3,0.439999,1299.54552925,0.0003055,15.8529045,1.254348,1052.273451,2369.66653725,0.0,0.0,6267.945,2369.66653725,6267.945,-3898.2784627499996
2026-01-25 15:00:00+00:00,0.3,0.439999,1302.26616725,0.0,14.32702675,2.188777,1131.75064275,2451.27261275,0.0,0.0,6433.1425,2451.27261275,6433.1425,-3981.86988725
2026-01-25 16:00:00+00:00,0.3,0.439999,1302.644634,0.0,12.76450275,4.38920425,1206.33158825,2526.86992825,0.0,0.0,6448.0475,2526.86992825,6448.0475,-3921.1775717499995
2026-01-25 17:00:00+00:00,0.3,0.439999,1297.96186075,0.0,14.61010025,5.53816825,1155.6540605,2474.5041887499997,0.0,0.0,6402.6075,2474.5041887499997,6402.6075,-3928.1033112500004
2026-01-25 18:00:00+00:00,0.20033325000000002,0.439999,1295.85968825,0.0,14.79883525,6.12341525,1154.663912,2472.0861830000003,0.0,0.0,6358.115,2472.0861830000003,6358.115,-3886.0288169999994
2026-01-25 19:00:00+00:00,0.29974999999999996,0.439999,1297.369147,0.0,15.2758595,5.68785975,1148.83402525,2467.9066405000003,0.0,0.0,6361.25,2467.9066405000003,6361.25,-3893.3433594999997
2026-01-25 20:00:00+00:00,0.3,0.439999,1299.148448,0.0,14.9803655,11.249519,1093.290195,2419.4085265,0.0,0.0,6314.719999999999,2419.4085265,6314.719999999999,-3895.3114734999995
2026-01-25 21:00:00+00:00,0.3,0.439999,1297.38493375,0.0,15.30685525,16.61262075,1071.31272925,2401.357138,0.0,0.0,6193.9075,2401.357138,6193.9075,-3792.5503620000004
2026-01-25 22:00:00+00:00,0.3,0.439999,1292.52303525,0.0,15.608836499999999,20.18916825,1045.993187,2375.054226,0.0,0.0,6018.535,2375.054226,6018.535,-3643.4807739999997
2026-01-25 23:00:00+00:00,0.3,0.439999,1305.2513775,0.0,16.105319,20.43368225,994.24705475,2336.7774325,0.0,0.0,5844.725,2336.7774325,5844.725,-3507.9475675000003
2026-01-26 00:00:00+00:00,0.20030550000000003,0.439999,1303.0065327500001,0.0,15.7231995,19.8391165,959.22009025,2298.4292435,0.0,0.0,5735.9225,2298.4292435,5735.9225,-3437.4932564999995
2026-01-26 01:00:00+00:00,0.299972,0.439999,1299.38702425,0.0,15.6980225,20.351792,888.31403575,2224.4908455,0.0,0.0,5678.745,2224.4908455,5678.745,-3454.2541545
2026-01-26 02:00:00+00:00,0.3,0.439999,1297.36597175,0.0,16.331298750000002,21.03339125,858.42403675,2193.8946975,0.0,0.0,5680.4675,2193.8946975,5680.4675,-3486.5728025
2026-01-26 03:00:00+00:00,0.20030550000000003,0.439999,1304.4567845,0.0,15.2680465,28.478762,875.1797695,2224.023667,0.0,0.0,5758.755,2224.023667,5758.755,-3534.731333
2026-01-26 04:00:00+00:00,0.2,0.439999,1300.6911545,0.0,15.6462045,40.730914,898.6656925,2256.3739645,0.0,0.0,6006.1725,2256.3739645,6006.1725,-3749.7985354999996
2026-01-26 05:00:00+00:00,0.2,0.439999,1308.4298469999999,0.0,15.4139675,63.00711175,895.06209775,2282.5530229999995,0.0,0.0,6521.0675,2282.5530229999995,6521.0675,-4238.514477000001
2026-01-26 06:00:00+00:00,0.2,0.439999,1305.81674325,0.0,14.7697295,84.35087125000001,1058.6423475000001,2464.2196905,0.0,0.0,7006.577499999999,2464.2196905,7006.577499999999,-4542.357809499999
2026-01-26 07:00:00+00:00,0.2,0.439999,1309.02597625,0.0,13.7306475,90.77387825,1051.95247325,2466.12297425,0.0,0.0,7178.1525,2466.12297425,7178.1525,-4712.02952575
2026-01-26 08:00:00+00:00,0.2,0.439999,1310.8506897500001,0.0,12.55254325,81.5602705,1054.8017762499999,2460.40527875,0.0,0.0,7221.82,2460.40527875,7221.82,-4761.414721249999
2026-01-26 09:00:00+00:00,0.29994425,0.439999,1310.853611,0.0825475,10.855933,86.57649875,1048.4348215,2457.543355,0.0,0.0,7125.45,2457.543355,7125.45,-4667.906645
2026-01-26 10:00:00+00:00,0.3,0.439999,1309.1700085,0.45564375,11.67114075,91.76150125000001,917.044188,2330.8424812499998,0.0,0.0,6971.51,2330.8424812499998,6971.51,-4640.66751875
2026-01-26 11:00:00+00:00,0.3,0.439999,1316.4384957500001,0.5503374999999999,12.24826975,107.99023275,949.89833025,2387.865665,0.0,0.0,6845.635,2387.865665,6845.635,-4457.769335000001
2026-01-26 12:00:00+00:00,0.3,0.439999,1319.01486275,0.43825274999999997,10.829386,61.50136975,961.14213875,2353.6660089999996,0.0,0.0,6735.2525000000005,2353.6660089999996,6735.2525000000005,-4381.586491000001
2026-01-26 13:00:00+00:00,0.3,0.439999,1316.86583925,0.099932,11.50702875,54.0917795,972.83583675,2356.14041525,0.0,0.0,6696.7225,2356.14041525,6696.7225,-4340.58208475
2026-01-26 14:00:00+00:00,0.3,0.439999,1320.1384845,0.0003055,11.84394025,73.8282165,1044.0971335,2450.6480792499997,0.0,0.0,6775.1325,2450.6480792499997,6775.1325,-4324.48442075
2026-01-26 15:00:00+00:00,0.3,0.439999,1317.41786125,0.0,11.16893525,93.1434235,984.4835009999999,2406.9537199999995,0.0,0.0,7008.4575,2406.9537199999995,7008.4575,-4601.503780000001
2026-01-26 16:00:00+00:00,0.3,0.439999,1313.82761575,0.0,10.179894749999999,104.770945,984.6397545,2414.1582089999997,0.0,0.0,7100.4825,2414.1582089999997,7100.4825,-4686.324291000001
2026-01-26 17:00:00+00:00,0.3,0.439999,1312.2738020000002,0.0,8.8150795,97.81582,991.69604225,2411.34074275,0.0,0.0,7043.0675,2411.34074275,7043.0675,-4631.72675725
2026-01-26 18:00:00+00:00,0.200222,0.439999,1310.473716,0.0,9.04135325,89.96658175,980.88115625,2391.00302825,0.0,0.0,6973.7625,2391.00302825,6973.7625,-4582.75947175
2026-01-26 19:00:00+00:00,0.29977775,0.439999,1316.467164,0.0,9.11527425,76.7995405,1014.3144727499999,2417.4362282499997,0.0,0.0,6901.93,2417.4362282499997,6901.93,-4484.493771750001
2026-01-26 20:00:00+00:00,0.3,0.439999,1317.3881672500002,0.0,9.528295,57.77490225,951.04622925,2336.47759275,0.0,0.0,6766.785,2336.47759275,6766.785,-4430.30740725
2026-01-26 21:00:00+00:00,0.20030550000000003,0.439999,1310.5475855,0.0,10.307316,36.90645525,1046.6271105,2405.0287717499996,0.0,0.0,6571.2,2405.0287717499996,6571.2,-4166.17122825
2026-01-26 22:00:00+00:00,0.2,0.439999,1307.67760125,0.0,10.90732925,28.3789905,1007.5582215,2355.1621415,0.0,0.0,6434.3275,2355.1621415,6434.3275,-4079.1653585000004
2026-01-26 23:00:00+00:00,0.2996665,0.439999,1289.64977925,0.0,11.97579925,15.377123749999999,863.32500525,2181.067373,0.0,0.0,6196.0425000000005,2181.067373,6196.0425000000005,-4014.9751270000006
2026-01-27 00:00:00+00:00,0.3,0.439999,1275.5128260000001,0.0,13.40924725,10.32496625,833.62865275,2133.61569125,0.0,0.0,6031.3575,2133.61569125,6031.3575,-3897.74180875
2026-01-27 01:00:00+00:00,0.3,0.439999,1268.9187980000002,0.0,14.24065575,10.182777999999999,829.5745285,2123.6567592500005,0.0,0.0,5947.1425,2123.6567592500005,5947.1425,-3823.4857407499994
2026-01-27 02:00:00+00:00,0.3,0.439999,1261.3560404999998,0.0,14.058393,14.85154125,830.9917285,2121.9977022499997,0.0,0.0,5903.365,2121.9977022499997,5903.365,-3781.36729775
2026-01-27 03:00:00+00:00,0.3,0.439999,1257.1305435,0.0,12.646391,13.153419249999999,826.66903225,2110.3393849999998,0.0,0.0,5895.315,2110.3393849999998,5895.315,-3784.975615
2026-01-27 04:00:00+00:00,0.3,0.439999,1263.465234,0.0,14.18738175,7.56844575,840.9075250000001,2126.8685855,0.0,0.0,5971.6275000000005,2126.8685855,5971.6275000000005,-3844.7589145000006
2026-01-27 05:00:00+00:00,0.3,0.439999,1278.2668477500001,0.0,15.75268275,5.7922285,935.09908475,2235.6508427500003,0.0,0.0,6290.2025,2235.6508427500003,6290.2025,-4054.55165725
2026-01-27 06:00:00+00:00,0.3,0.439999,1287.0296635,0.0,13.25655875,9.94045225,957.6832335,2268.649907,0.0,0.0,6790.415,2268.649907,6790.415,-4521.765093
2026-01-27 07:00:00+00:00,0.3,0.439999,1280.17449975,0.0,12.7049325,3.46949675,1161.34751225,2458.4364402499996,0.0,0.0,6925.665,2458.4364402499996,6925.665,-4467.22855975
2026-01-27 08:00:00+00:00,0.200222,0.439999,1293.431172,0.0,11.015649,3.39764525,1116.7639695,2425.24865675,0.0,0.0,6910.5575,2425.24865675,6910.5575,-4485.30884325
2026-01-27 09:00:00+00:00,0.29969425,0.439999,1295.45141975,0.10945775,11.6569685,7.63755375,1123.4772600000001,2439.0723530000005,0.0,0.0,6884.2425,2439.0723530000005,6884.2425,-4445.170147
2026-01-27 10:00:00+00:00,0.3,0.439999,1294.05276325,0.09007225,11.70940075,5.489349750000001,1039.39701725,2351.47860225,0.0,0.0,6844.605,2351.47860225,6844.605,-4493.126397749999
2026-01-27 11:00:00+00:00,0.3,0.439999,1299.56781925,0.086366,10.85912025,4.954841500000001,1009.7156867499999,2325.9238327499997,0.0,0.0,6832.407499999999,2325.9238327499997,6832.407499999999,-4506.48366725
2026-01-27 12:00:00+00:00,0.3,0.439999,1302.018117,0.1602585,10.3426935,7.2262885,1019.529084,2340.0164405,0.0,0.0,6820.32,2340.0164405,6820.32,-4480.3035595
2026-01-27 13:00:00+00:00,0.3,0.439999,1307.2830912499999,0.08280525,9.398185,15.212235750000001,1068.8316315,2401.54794775,0.0,0.0,6853.3375,2401.54794775,6853.3375,-4451.78955225
2026-01-27 14:00:00+00:00,0.3,0.439999,1307.34579425,0.0,9.676366,15.139046500000001,1015.2381395,2348.1393452499997,0.0,0.0,6911.7075,2348.1393452499997,6911.7075,-4563.568154750001
2026-01-27 15:00:00+00:00,0.3,0.439999,1310.2445149999999,0.0,10.215581,12.31168275,998.7262304999999,2332.2380082499994,0.0,0.0,7064.9025,2332.2380082499994,7064.9025,-4732.664491750001
2026-01-27 16:00:00+00:00,0.3,0.439999,1302.75047075,0.0,8.64571875,13.466175,1012.954999,2338.5573624999997,0.0,0.0,7087.08,2338.5573624999997,7087.08,-4748.5226375
2026-01-27 17:00:00+00:00,0.3,0.439999,1295.04243725,0.0,8.85036375,15.2319825,1089.012801,2408.8775834999997,0.0,0.0,6997.335,2408.8775834999997,6997.335,-4588.4574165
2026-01-27 18:00:00+00:00,0.3,0.439999,1298.582435,0.0,9.19012975,17.60886675,1065.972263,2392.0936935,0.0,0.0,6918.0925,2392.0936935,6918.0925,-4525.9988065
2026-01-27 19:00:00+00:00,0.3,0.439999,1307.1977487499998,0.0,10.333729,24.47001125,1023.079606,2365.821094,0.0,0.0,6880.655000000001,2365.821094,6880.655000000001,-4514.833906000001
2026-01-27 20:00:00+00:00,0.3,0.439999,1301.12435175,0.0,11.172712749999999,22.34379875,945.94496725,2281.3258294999996,0.0,0.0,6767.625,2281.3258294999996,6767.625,-4486.2991705
2026-01-27 21:00:00+00:00,0.3,0.439999,1293.8099075,0.0,11.2614445,18.512469,991.073423,2315.397243,0.0,0.0,6595.7925,2315.397243,6595.7925,-4280.395257
2026-01-27 22:00:00+00:00,0.3,0.439999,1277.6762572500002,0.0,12.124132750000001,18.01795425,959.311412,2267.86975525,0.0,0.0,6446.365,2267.86975525,6446.365,-4178.49524475
2026-01-27 23:00:00+00:00,0.3,0.439999,1267.4306135,0.0,11.58639175,11.0821285,918.78039625,2209.6195289999996,0.0,0.0,6226.78,2209.6195289999996,6226.78,-4017.160471
2026-01-28 00:00:00+00:00,0.3,0.439999,1254.7649107500001,0.0,12.03835975,12.85502125,901.590233,2181.98852375,0.0,0.0,6095.13,2181.98852375,6095.13,-3913.1414762500003
2026-01-28 01:00:00+00:00,0.3,0.439999,1242.72834775,0.0,12.04063675,22.68783825,918.75418425,2196.951006,0.0,0.0,5992.3025,2196.951006,5992.3025,-3795.351494
2026-01-28 02:00:00+00:00,0.3,0.439999,1237.711373,0.0,13.15102125,32.93591975,910.12260125,2194.66091425,0.0,0.0,5957.995,2194.66091425,5957.995,-3763.3340857499998
2026-01-28 03:00:00+00:00,0.3,0.439999,1228.2598079999998,0.0,12.304233,35.71765825,872.7909892499999,2149.8126875,0.0,0.0,5950.975,2149.8126875,5950.975,-3801.1623125000006
2026-01-28 04:00:00+00:00,0.3,0.439999,1235.289201,0.0,12.90553775,34.428015,873.31378475,2156.6765374999995,0.0,0.0,6084.1075,2156.6765374999995,6084.1075,-3927.4309625000005
2026-01-28 05:00:00+00:00,0.3,0.439999,1257.553875,0.0,12.895631250000001,28.91409925,812.4269945,2112.5305989999997,0.0,0.0,6526.5675,2112.5305989999997,6526.5675,-4414.036901
2026-01-28 06:00:00+00:00,0.3,0.439999,1277.95607725,0.0,11.90261125,31.147513250000003,949.01051675,2270.7567175,0.0,0.0,6884.34,2270.7567175,6884.34,-4613.5832825
2026-01-28 07:00:00+00:00,0.3,0.439999,1291.93838375,0.0,11.727294,32.78891725,933.29989275,2270.49448675,0.0,0.0,7016.2325,2270.49448675,7016.2325,-4745.73801325
2026-01-28 08:00:00+00:00,0.20016650000000002,0.439999,1297.349555,0.0,11.4226405,36.678059,954.6550135,2300.7454335,0.0,0.0,7017.37,2300.7454335,7017.37,-4716.6245665
2026-01-28 09:00:00+00:00,0.299861,0.439999,1292.9421862499998,0.2235435,10.6830195,36.940689,920.05326775,2261.582566,0.0,0.0,6999.1375,2261.582566,6999.1375,-4737.554934
2026-01-28 10:00:00+00:00,0.3,0.439999,1290.9730975,0.29747825,10.3976255,37.337995,891.00360125,2230.7497965000002,0.0,0.0,6950.4400000000005,2230.7497965000002,6950.4400000000005,-4719.6902035
2026-01-28 11:00:00+00:00,0.3,0.439999,1288.5227424999998,0.27373025,10.413712499999999,28.279669499999997,860.5823255,2188.8121792499996,0.0,0.0,6920.8675,2188.8121792499996,6920.8675,-4732.055320750001
2026-01-28 12:00:00+00:00,0.3,0.439999,1288.704205,0.20377225,10.4841985,25.00792,858.968672,2184.1087667499996,0.0,0.0,6886.42,2184.1087667499996,6886.42,-4702.31123325
2026-01-28 13:00:00+00:00,0.3,0.439999,1277.84795625,0.107272,11.14375375,24.23590325,963.45848525,2277.5333695,0.0,0.0,6912.4,2277.5333695,6912.4,-4634.8666305
2026-01-28 14:00:00+00:00,0.3,0.439999,1286.9842315,0.000111,11.5702505,24.90787175,927.73328575,2251.9357495,0.0,0.0,6980.4,2251.9357495,6980.4,-4728.464250499999
2026-01-28 15:00:00+00:00,0.3,0.439999,1287.3310415,0.0,10.17336075,24.66062125,981.0870245,2303.992047,0.0,0.0,7166.155,2303.992047,7166.155,-4862.162952999999
2026-01-28 16:00:00+00:00,0.3,0.439999,1280.443165,0.0,10.130934,28.213654499999997,966.9281115,2286.455864,0.0,0.0,7188.91,2286.455864,7188.91,-4902.454136
2026-01-28 17:00:00+00:00,0.3,0.439999,1281.7834085,0.0,8.8542845,26.60354625,997.6960225,2315.6772607499997,0.0,0.0,7077.2225,2315.6772607499997,7077.2225,-4761.54523925
2026-01-28 18:00:00+00:00,0.3,0.439999,1279.0012745,0.0,9.187682500000001,23.783958,1094.16688575,2406.8797997499996,0.0,0.0,6996.8625,2406.8797997499996,6996.8625,-4589.982700250001
2026-01-28 19:00:00+00:00,0.3,0.439999,1281.78812375,0.0,9.48575675,25.3254445,1075.97444525,2393.31376925,0.0,0.0,6905.6525,2393.31376925,6905.6525,-4512.33873075
2026-01-28 20:00:00+00:00,0.3,0.439999,1282.2009632499999,0.0,9.276352,21.85732675,1051.301909,2365.37655,0.0,0.0,6775.8975,2365.37655,6775.8975,-4410.52095
2026-01-28 21:00:00+00:00,0.3,0.439999,1274.36398675,0.0,10.0697265,19.64153675,1092.5557355,2397.3709845,0.0,0.0,6738.3825,2397.3709845,6738.3825,-4341.0115155
2026-01-28 22:00:00+00:00,0.3,0.439999,1253.9873942499999,0.0,10.465691,23.55967775,977.05923475,2265.8119967499997,0.0,0.0,6527.0575,2265.8119967499997,6527.0575,-4261.24550325
2026-01-28 23:00:00+00:00,0.3,0.439999,1243.7172659999999,0.0,11.147884999999999,21.38518,968.8787687500001,2245.86909875,0.0,0.0,6305.595,2245.86909875,6305.595,-4059.7259012500003
2026-01-29 00:00:00+00:00,0.3,0.439999,1243.3831667499999,0.0,11.395145,21.8995505,975.02680475,2252.444666,0.0,0.0,6165.54,2252.444666,6165.54,-3913.095334
2026-01-29 01:00:00+00:00,0.3,0.439999,1233.21323875,0.0,11.621668249999999,21.0260555,917.32760775,2183.92856925,0.0,0.0,6053.0425,2183.92856925,6053.0425,-3869.11393075
2026-01-29 02:00:00+00:00,0.3,0.439999,1219.9154945,0.0,12.24500875,32.39920075,875.70566,2141.0053629999998,0.0,0.0,6005.0275,2141.0053629999998,6005.0275,-3864.0221370000004
2026-01-29 03:00:00+00:00,0.3,0.439999,1212.4790934999999,0.0,11.65906975,36.072419,894.63098925,2155.5815705,0.0,0.0,6019.77,2155.5815705,6019.77,-3864.1884295000004
2026-01-29 04:00:00+00:00,0.200111,0.439999,1215.94855125,0.0,12.58380025,39.854054250000004,888.5087955,2157.53531125,0.0,0.0,6192.4,2157.53531125,6192.4,-4034.8646887499995
2026-01-29 05:00:00+00:00,0.2,0.439999,1244.6229285,0.0,13.32397125,34.116406,1011.963094,2304.6663987499996,0.0,0.0,6674.0975,2304.6663987499996,6674.0975,-4369.43110125
2026-01-29 06:00:00+00:00,0.2,0.439999,1271.309364,0.0,12.411953,36.86273175,1062.50740025,2383.731448,0.0,0.0,7090.17,2383.731448,7090.17,-4706.438552
2026-01-29 07:00:00+00:00,0.2,0.439999,1273.67796925,0.0,12.273723,33.76128275,1266.7759755,2587.1289495,0.0,0.0,7283.6175,2587.1289495,7283.6175,-4696.4885505
2026-01-29 08:00:00+00:00,0.29983325,0.439999,1269.46701625,0.0,11.12563175,13.2117675,1267.4320065,2561.97625425,0.0,0.0,7323.8775000000005,2561.97625425,7323.8775000000005,-4761.901245750001
2026-01-29 09:00:00+00:00,0.3,0.439999,1249.106059,0.164215,10.2963015,1.97170425,1244.08572925,2506.3640079999996,0.0,0.0,7260.145,2506.3640079999996,7260.145,-4753.780992000001
2026-01-29 10:00:00+00:00,0.3,0.439999,1255.26633575,0.182525,10.54194675,0.0,1205.1558260000002,2471.8866325,0.0,0.0,7180.755,2471.8866325,7180.755,-4708.8683675
2026-01-29 11:00:00+00:00,0.3,0.439999,1259.808323,0.19970100000000002,10.099967,0.0,1196.83823975,2467.68622975,0.0,0.0,7172.985000000001,2467.68622975,7172.985000000001,-4705.29877025
2026-01-29 12:00:00+00:00,0.3,0.439999,1260.34758325,0.086614,10.192144,1.4221225,1196.7698795000001,2469.5583422500004,0.0,0.0,7138.8125,2469.5583422500004,7138.8125,-4669.25415775
2026-01-29 13:00:00+00:00,0.3,0.439999,1252.27583375,0.08565975,10.24617175,6.01960425,1137.541096,2406.9083645,0.0,0.0,7128.34,2406.9083645,7128.34,-4721.4316355
2026-01-29 14:00:00+00:00,0.3,0.439999,1250.3737045,0.0,11.294016,11.546284,1240.7217255,2514.675729,0.0,0.0,7223.4875,2514.675729,7223.4875,-4708.811771000001
2026-01-29 15:00:00+00:00,0.3,0.439999,1252.2499145,0.0,10.7975955,16.4327745,1260.39364625,2540.61392975,0.0,0.0,7411.1375,2540.61392975,7411.1375,-4870.5235702499995
2026-01-29 16:00:00+00:00,0.3,0.439999,1240.63295925,0.0,9.8686,16.98895075,1242.12738675,2510.35789575,0.0,0.0,7443.719999999999,2510.35789575,7443.719999999999,-4933.36210425
2026-01-29 17:00:00+00:00,0.3,0.439999,1240.23390825,0.0,8.266616500000001,14.10113225,1245.9099677499999,2509.25162375,0.0,0.0,7364.52,2509.25162375,7364.52,-4855.26837625
2026-01-29 18:00:00+00:00,0.20030550000000003,0.439999,1240.026341,0.0,8.7734545,22.541469,1206.6885295,2478.6700984999998,0.0,0.0,7303.25,2478.6700984999998,7303.25,-4824.5799015
2026-01-29 19:00:00+00:00,0.2,0.439999,1244.55701325,0.0,8.9627235,33.681554750000004,1204.0124845,2491.853775,0.0,0.0,7228.15,2491.853775,7228.15,-4736.296225
2026-01-29 20:00:00+00:00,0.2,0.439999,1234.8523015,0.0,9.4427745,35.733022250000005,1142.82008675,2423.488184,0.0,0.0,7249.7875,2423.488184,7249.7875,-4826.2993160000005
2026-01-29 21:00:00+00:00,0.2,0.439999,1228.30424575,0.0,10.01538275,47.630094,1036.9174725,2323.5071940000003,0.0,0.0,7065.9175,2323.5071940000003,7065.9175,-4742.410306
2026-01-29 22:00:00+00:00,0.2,0.439999,1214.0845020000002,0.0,10.25848525,48.947801,960.56333325,2234.4941205,0.0,0.0,6815.925,2234.4941205,6815.925,-4581.4308795
2026-01-29 23:00:00+00:00,0.2,0.439999,1200.50961775,0.0,11.123185750000001,50.85105625,991.1665525000001,2254.29041125,0.0,0.0,6583.8625,2254.29041125,6583.8625,-4329.57208875
2026-01-30 00:00:00+00:00,0.2,0.439999,1183.26175725,0.0,11.10953075,48.4682295,987.716897,2231.1964135,0.0,0.0,6423.625,2231.1964135,6423.625,-4192.4285865
2026-01-30 01:00:00+00:00,0.2,0.439999,1177.40424175,0.0,11.263059250000001,56.332044249999996,953.6141592500001,2199.2535035,0.0,0.0,6300.445,2199.2535035,6300.445,-4101.1914965
2026-01-30 02:00:00+00:00,0.2,0.439999,1178.34174125,0.0,12.38037,69.29875075000001,889.2841425,2149.9450035,0.0,0.0,6232.5975,2149.9450035,6232.5975,-4082.6524965
2026-01-30 03:00:00+00:00,0.2,0.439999,1187.1832735,0.0,11.96189425,72.73128675,864.8451295,2137.361583,0.0,0.0,6215.8775000000005,2137.361583,6215.8775000000005,-4078.5159170000006
2026-01-30 04:00:00+00:00,0.2,0.439999,1184.4375135,0.0,13.3596215,72.29622075,848.697365,2119.43071975,0.0,0.0,6327.99,2119.43071975,6327.99,-4208.55928025
2026-01-30 05:00:00+00:00,0.2,0.439999,1207.9977795,0.0,13.14805675,83.98142,980.67815425,2286.4454095,0.0,0.0,6715.6375,2286.4454095,6715.6375,-4429.1920905
2026-01-30 06:00:00+00:00,0.2,0.439999,1225.78675975,0.0,12.417493,75.07710925,1042.11420975,2356.0355707500003,0.0,0.0,7089.6875,2356.0355707500003,7089.6875,-4733.65192925
2026-01-30 07:00:00+00:00,0.2,0.439999,1236.326017,0.0,12.54217575,83.5682545,1010.0639115,2343.14035775,0.0,0.0,7204.7699999999995,2343.14035775,7204.7699999999995,-4861.62964225
2026-01-30 08:00:00+00:00,0.2,0.439999,1241.41051475,0.0,11.4421765,82.7285885,1091.59872575,2427.8200045,0.0,0.0,7200.08,2427.8200045,7200.08,-4772.2599955000005
2026-01-30 09:00:00+00:00,0.2,0.439999,1236.8847782500002,0.19358025,10.87838925,79.749281,1048.7441880000001,2377.0902157500004,0.0,0.0,7170.3575,2377.0902157500004,7170.3575,-4793.26728425
2026-01-30 10:00:00+00:00,0.2,0.439999,1241.29579125,0.1379965,11.05676475,77.2596855,998.976133,2329.36637,0.0,0.0,7131.2375,2329.36637,7131.2375,-4801.8711299999995
2026-01-30 11:00:00+00:00,0.2,0.439999,1241.56236725,0.19219975,11.07886,66.7647755,991.23153775,2311.46973925,0.0,0.0,7182.6525,2311.46973925,7182.6525,-4871.18276075
2026-01-30 12:00:00+00:00,0.2,0.439999,1243.84648775,0.069822,10.922404,59.536537,1096.1611715,2411.1764212499997,0.0,0.0,7230.825,2411.1764212499997,7230.825,-4819.6485787500005
2026-01-30 13:00:00+00:00,0.2,0.439999,1252.82136725,0.00936675,10.92651725,57.02737775,1094.46372825,2415.88835625,0.0,0.0,7150.175,2415.88835625,7150.175,-4734.28664375
2026-01-30 14:00:00+00:00,0.2,0.439999,1257.59241325,0.0,11.566305,71.6038015,1142.3058765,2483.7083952499997,0.0,0.0,7201.765,2483.7083952499997,7201.765,-4718.056604750001
2026-01-30 15:00:00+00:00,0.2,0.439999,1263.0733305,0.0,11.0300095,78.38081725,1147.07283875,2500.1969950000002,0.0,0.0,7297.825000000001,2500.1969950000002,7297.825000000001,-4797.6280050000005
2026-01-30 16:00:00+00:00,0.2,0.439999,1260.85630825,0.0,10.3299055,85.6321185,1094.461654,2451.9199852499996,0.0,0.0,7222.7675,2451.9199852499996,7222.7675,-4770.84751475
2026-01-30 17:00:00+00:00,0.2,0.439999,1259.863932,0.0,10.17167775,111.61150475,1007.2957825000001,2389.582896,0.0,0.0,7086.1475,2389.582896,7086.1475,-4696.564604
2026-01-30 18:00:00+00:00,0.2,0.439999,1249.4965805,0.0,9.89096575,115.78595975,955.7001082500001,2331.51361325,0.0,0.0,7019.6675,2331.51361325,7019.6675,-4688.153886749999
2026-01-30 19:00:00+00:00,0.2,0.439999,1253.93649025,0.0,10.68796575,107.3935005,896.6105070000001,2269.2684625,0.0,0.0,6846.3075,2269.2684625,6846.3075,-4577.0390375
2026-01-30 20:00:00+00:00,0.2,0.439999,1242.244774,0.0,11.03685375,113.4496185,807.97210475,2175.34335,0.0,0.0,6664.64,2175.34335,6664.64,-4489.29665
2026-01-30 21:00:00+00:00,0.2,0.439999,1242.65578925,0.0,11.5343675,105.2327715,792.1869385,2152.24986575,0.0,0.0,6460.205,2152.24986575,6460.205,-4307.95513425
2026-01-30 22:00:00+00:00,0.2,0.439999,1218.6231525,0.0,11.9662155,102.12431525,730.03010125,2063.3837835,0.0,0.0,6311.175,2063.3837835,6311.175,-4247.7912165
2026-01-30 23:00:00+00:00,0.2999165,0.439999,1206.0775605,0.0,12.55800575,98.05698925,784.89063775,2102.32310875,0.0,0.0,6071.2275,2102.32310875,6071.2275,-3968.90439125
2026-01-31 00:00:00+00:00,0.3,0.439999,1192.31631475,0.0,12.90114125,96.63999675,833.88769375,2136.4851455,0.0,0.0,5928.585,2136.4851455,5928.585,-3792.0998545
2026-01-31 01:00:00+00:00,0.3,0.439999,1186.8578149999998,0.0,13.2315685,97.923701,786.03521625,2084.7882997499996,0.0,0.0,5813.587500000001,2084.7882997499996,5813.587500000001,-3728.799200250001
2026-01-31 02:00:00+00:00,0.20030550000000003,0.439999,1187.30969325,0.0,14.36759425,93.2712745,801.57093325,2097.15979975,0.0,0.0,5763.475,2097.15979975,5763.475,-3666.3152002500005
2026-01-31 03:00:00+00:00,0.2,0.439999,1187.935367,0.0,13.17627075,103.27253425,749.127805,2054.151976,0.0,0.0,5740.7775,2054.151976,5740.7775,-3686.625524
2026-01-31 04:00:00+00:00,0.2,0.439999,1188.56904175,0.0,14.312821249999999,109.59165375,730.9665785,2044.08009425,0.0,0.0,5696.9375,2044.08009425,5696.9375,-3652.85740575
2026-01-31 05:00:00+00:00,0.2,0.439999,1198.426512,0.0,16.128314,109.35231725,720.09474225,2044.6418844999998,0.0,0.0,5779.895,2044.6418844999998,5779.895,-3735.2531155000006
2026-01-31 06:00:00+00:00,0.2,0.439999,1206.8388785,0.0,16.548986,116.74823175,922.39706125,2263.1731565,0.0,0.0,5950.0275,2263.1731565,5950.0275,-3686.8543435
2026-01-31 07:00:00+00:00,0.2,0.439999,1203.922039,0.0,16.651668,117.640833,952.5935890000001,2291.448128,0.0,0.0,6185.3525,2291.448128,6185.3525,-3893.904372
2026-01-31 08:00:00+00:00,0.29969425,0.439999,1216.22621125,0.0,16.15351275,106.8841205,984.12173275,2324.1252704999997,0.0,0.0,6425.6075,2324.1252704999997,6425.6075,-4101.4822295
2026-01-31 09:00:00+00:00,0.3,0.439999,1219.7771337499998,0.19983325000000002,15.2475265,105.564495,1053.5741555,2395.103143,0.0,0.0,6593.8975,2395.103143,6593.8975,-4198.794357000001
2026-01-31 10:00:00+00:00,0.3,0.439999,1217.1335334999999,0.29969425,15.118987,110.95446525,1046.20149975,2390.44817875,0.0,0.0,6628.1225,2390.44817875,6628.1225,-4237.6743212500005
2026-01-31 11:00:00+00:00,0.3,0.439999,1213.20649075,0.3999165,14.95368975,104.251467,1040.8202305,2374.3717935,0.0,0.0,6628.7525000000005,2374.3717935,6628.7525000000005,-4254.3807065
2026-01-31 12:00:00+00:00,0.3,0.439999,1223.1422045,0.32861325,15.069500249999999,98.03229775,1055.6090995,2392.9217142499997,0.0,0.0,6596.9725,2392.9217142499997,6596.9725,-4204.05078575
2026-01-31 13:00:00+00:00,0.3,0.439999,1211.4846305,0.17267575000000002,15.05226425,91.668369,1055.4537025,2374.571641,0.0,0.0,6561.2775,2374.571641,6561.2775,-4186.705859
2026-01-31 14:00:00+00:00,0.3,0.439999,1206.0551605,0.0003055,14.1332435,100.07488075,1063.891684,2384.8952732499997,0.0,0.0,6554.8475,2384.8952732499997,6554.8475,-4169.95222675
2026-01-31 15:00:00+00:00,0.3,0.439999,1214.5209515000001,0.0,13.29747,117.95978325,1079.83908075,2426.3572845,0.0,0.0,6596.24,2426.3572845,6596.24,-4169.8827155
2026-01-31 16:00:00+00:00,0.3,0.439999,1215.432716,0.0,11.93196775,137.3455045,1148.00793875,2513.458126,0.0,0.0,6682.03,2513.458126,6682.03,-4168.571873999999
2026-01-31 17:00:00+00:00,0.3,0.439999,1204.7127070000001,0.0,12.5735385,160.28273074999998,1116.713534,2495.02250925,0.0,0.0,6726.975,2495.02250925,6726.975,-4231.95249075
2026-01-31 18:00:00+00:00,0.20016650000000002,0.439999,1204.5523205,0.0,13.751294999999999,174.92721225,1091.01769175,2484.888685,0.0,0.0,6524.6975,2484.888685,6524.6975,-4039.8088150000003
2026-01-31 19:00:00+00:00,0.29969425,0.439999,1201.1154625,0.0,13.3534925,192.22753725,1045.10718825,2452.54337375,0.0,0.0,6333.875,2452.54337375,6333.875,-3881.33162625
2026-01-31 20:00:00+00:00,0.200361,0.439999,1200.77701325,0.0,13.288618,194.79328700000002,970.22272425,2379.7220025,0.0,0.0,6227.54,2379.7220025,6227.54,-3847.8179975
2026-01-31 21:00:00+00:00,0.29969425,0.439999,1202.5387759999999,0.0,13.96198375,194.80366275,971.9015435,2383.94565925,0.0,0.0,6127.2525,2383.94565925,6127.2525,-3743.3068407499995
2026-01-31 22:00:00+00:00,0.200361,0.439999,1199.1589020000001,0.0,14.396049999999999,180.8380855,999.2408459999999,2394.2742435,0.0,0.0,6011.45,2394.2742435,6011.45,-3617.1757565
2026-01-31 23:00:00+00:00,0.29969425,0.439999,1186.55851875,0.0,15.08774175,161.75685875,998.0394140000001,2362.1822265,0.0,0.0,5937.7825,2362.1822265,5937.7825,-3575.6002735
2026-02-01 00:00:00+00:00,0.3,0.439999,1179.09775075,0.0,14.585193499999999,167.54145325,968.59136,2330.5557565,0.0,0.0,5845.0875,2330.5557565,5845.0875,-3514.5317434999997
2026-02-01 01:00:00+00:00,0.3,0.439999,1177.902566,0.0,13.90211875,144.393189,980.34164375,2317.2795164999998,0.0,0.0,5760.4349999999995,2317.2795164999998,5760.4349999999995,-3443.1554834999997
2026-02-01 02:00:00+00:00,0.20030550000000003,0.439999,1172.0499507499999,0.0,14.5486855,143.02400125,955.4960905,2285.7590325,0.0,0.0,5694.71,2285.7590325,5694.71,-3408.9509675
2026-02-01 03:00:00+00:00,0.2,0.439999,1175.6597,0.0,13.6671995,140.58152275,964.84709675,2295.395518,0.0,0.0,5668.63,2295.395518,5668.63,-3373.2344820000003
2026-02-01 04:00:00+00:00,0.2,0.439999,1179.158314,0.0,14.76739575,127.5213865,974.441926,2296.5290212500004,0.0,0.0,5666.145,2296.5290212500004,5666.145,-3369.61597875
2026-02-01 05:00:00+00:00,0.2,0.439999,1184.15423375,0.0,16.9961115,113.474024,952.6016912499999,2267.8660595,0.0,0.0,5712.202499999999,2267.8660595,5712.202499999999,-3444.3364404999993
2026-02-01 06:00:00+00:00,0.2,0.439999,1186.0479965,0.0,17.617701750000002,85.3340295,965.8798375,2255.51956425,0.0,0.0,5819.97,2255.51956425,5819.97,-3564.4504357500005
2026-02-01 07:00:00+00:00,0.2,0.439999,1194.04061875,0.0,17.20120825,89.64431275,1018.421485,2319.94762375,0.0,0.0,5964.7775,2319.94762375,5964.7775,-3644.8298762500003
2026-02-01 08:00:00+00:00,0.29994425,0.439999,1196.49526225,0.0,17.359143500000002,92.23482675,1053.45207575,2360.2812514999996,0.0,0.0,6137.275,2360.2812514999996,6137.275,-3776.9937485
2026-02-01 09:00:00+00:00,0.3,0.439999,1192.86869975,0.25239725,16.513474249999998,72.0390395,1046.27064075,2328.6842504999995,0.0,0.0,6302.5075,2328.6842504999995,6302.5075,-3973.8232495
2026-02-01 10:00:00+00:00,0.3,0.439999,1192.51871075,0.30142575,16.35763125,50.80692675,955.72928325,2216.45397675,0.0,0.0,6365.895,2216.45397675,6365.895,-4149.44102325
2026-02-01 11:00:00+00:00,0.3,0.439999,1194.43431175,0.39969425000000003,16.34808375,36.26542525,970.54047025,2218.72798425,0.0,0.0,6410.495,2218.72798425,6410.495,-4191.76701575
2026-02-01 12:00:00+00:00,0.3,0.439999,1193.83832925,0.26749125,16.31601925,34.9062295,953.93608075,2200.004149,0.0,0.0,6419.1575,2200.004149,6419.1575,-4219.153351000001
2026-02-01 13:00:00+00:00,0.3,0.439999,1192.00265025,0.2719805,15.913666,34.6544175,986.423295,2230.0060082499995,0.0,0.0,6426.5675,2230.0060082499995,6426.5675,-4196.561491750001
2026-02-01 14:00:00+00:00,0.3,0.439999,1193.33348975,0.000989,15.627172250000001,32.86692775,976.56920675,2219.1377844999997,0.0,0.0,6475.58,2219.1377844999997,6475.58,-4256.4422155
2026-02-01 15:00:00+00:00,0.3,0.439999,1199.92570975,0.0,14.32797525,35.2730305,1063.03376075,2313.30047525,0.0,0.0,6581.64,2313.30047525,6581.64,-4268.33952475
2026-02-01 16:00:00+00:00,0.3,0.439999,1196.9664565,0.0,13.590313250000001,45.04142575,1081.75786525,2338.0960597499998,0.0,0.0,6570.0825,2338.0960597499998,6570.0825,-4231.986440250001
2026-02-01 17:00:00+00:00,0.3,0.439999,1198.6687775,0.0,13.5332375,45.72191525,1094.49286775,2353.1567969999996,0.0,0.0,6539.47,2353.1567969999996,6539.47,-4186.313203000001
2026-02-01 18:00:00+00:00,0.200361,0.439999,1203.5005382499999,0.0,13.8831185,45.1732375,1053.4733265,2316.6705807499998,0.0,0.0,6542.9125,2316.6705807499998,6542.9125,-4226.24191925
2026-02-01 19:00:00+00:00,0.29963875,0.439999,1200.56418175,0.0,13.62356925,42.6716205,1025.52371575,2283.122725,0.0,0.0,6537.46,2283.122725,6537.46,-4254.337275
2026-02-01 20:00:00+00:00,0.20030550000000003,0.439999,1195.39579875,0.0,12.72525675,33.9093435,1018.059716,2260.7304194999997,0.0,0.0,6467.7025,2260.7304194999997,6467.7025,-4206.972080500001
2026-02-01 21:00:00+00:00,0.29994425,0.439999,1193.59096675,0.0,12.63715625,33.47538475,983.77093575,2224.21438675,0.0,0.0,6332.21,2224.21438675,6332.21,-4107.99561325
2026-02-01 22:00:00+00:00,0.2000555,0.439999,1184.94923575,0.0,13.05951625,42.35655475,990.3258475,2231.33120875,0.0,0.0,6121.4625,2231.33120875,6121.4625,-3890.13129125
2026-02-01 23:00:00+00:00,0.2998055,0.439999,1169.54722225,0.0,13.6894545,37.97056875,954.9504915,2176.8975415,0.0,0.0,5891.592500000001,2176.8975415,5891.592500000001,-3714.6949585000007
2026-02-02 00:00:00+00:00,0.3,0.439999,1162.9150467499999,0.0,13.62905775,41.16606825,969.33452625,2187.7846979999995,0.0,0.0,5764.0975,2187.7846979999995,5764.0975,-3576.3128020000004
2026-02-02 01:00:00+00:00,0.3,0.439999,1163.113551,0.0,13.3355575,36.42307675,906.040971,2119.65315525,0.0,0.0,5684.1925,2119.65315525,5684.1925,-3564.53934475
2026-02-02 02:00:00+00:00,0.3,0.439999,1161.9620595000001,0.0,13.834645,38.35235525,897.038396,2111.92745475,0.0,0.0,5660.4675,2111.92745475,5660.4675,-3548.54004525
2026-02-02 03:00:00+00:00,0.3,0.439999,1164.4058372499999,0.0,13.11064125,34.173099,884.2828225000001,2096.712399,0.0,0.0,5701.895,2096.712399,5701.895,-3605.1826010000004
2026-02-02 04:00:00+00:00,0.2000555,0.439999,1165.06336425,0.0,13.9524705,27.8081065,913.09136075,2120.5553564999996,0.0,0.0,5869.2525000000005,2120.5553564999996,5869.2525000000005,-3748.697143500001
2026-02-02 05:00:00+00:00,0.2,0.439999,1169.980083,0.0,14.5743125,27.2749245,1003.1329315,2215.6022505,0.0,0.0,6367.0525,2215.6022505,6367.0525,-4151.4502495
2026-02-02 06:00:00+00:00,0.2,0.439999,1182.18355425,0.0,13.0569415,24.070224,1130.14392125,2350.0946400000003,0.0,0.0,6789.57,2350.0946400000003,6789.57,-4439.4753599999995
2026-02-02 07:00:00+00:00,0.2,0.439999,1175.07415975,0.0,12.01079675,26.5023555,1205.514864,2419.7421750000003,0.0,0.0,6928.5650000000005,2419.7421750000003,6928.5650000000005,-4508.822825
2026-02-02 08:00:00+00:00,0.2,0.439999,1190.2449225,0.0,13.525341749999999,24.58434125,1193.70262,2422.6972245,0.0,0.0,6946.0875,2422.6972245,6946.0875,-4523.3902755
2026-02-02 09:00:00+00:00,0.2,0.439999,1186.90586475,0.14150875000000002,12.0880975,22.44169175,1175.00668025,2397.2238420000003,0.0,0.0,6898.5875,2397.2238420000003,6898.5875,-4501.363657999999
2026-02-02 10:00:00+00:00,0.29994425,0.439999,1184.30366025,0.390504,10.168431250000001,19.96926925,1132.2802255000001,2347.8520335,0.0,0.0,6878.7125,2347.8520335,6878.7125,-4530.8604665
2026-02-02 11:00:00+00:00,0.20030550000000003,0.439999,1177.02216375,0.11568049999999999,9.9745265,16.546180749999998,1057.3141835000001,2261.6130395,0.0,0.0,6943.9425,2261.6130395,6943.9425,-4682.3294605
2026-02-02 12:00:00+00:00,0.2999165,0.439999,1185.6675344999999,0.22056699999999999,6.72072025,15.38634625,1060.7229585,2269.458042,0.0,0.0,7010.1,2269.458042,7010.1,-4740.641958
2026-02-02 13:00:00+00:00,0.2000555,0.439999,1184.01687375,0.08486075,6.42654125,14.2840735,1124.0587639999999,2329.51116775,0.0,0.0,7028.5375,2329.51116775,7028.5375,-4699.02633225
2026-02-02 14:00:00+00:00,0.2,0.439999,1180.845652,0.0003055,8.05636775,15.30443425,1044.386586,2249.2333445,0.0,0.0,7105.2474999999995,2249.2333445,7105.2474999999995,-4856.014155499999
2026-02-02 15:00:00+00:00,0.2,0.439999,1177.210692,0.0,9.39543575,17.820588,1082.69178575,2287.7585005,0.0,0.0,7262.835,2287.7585005,7262.835,-4975.0764995
2026-02-02 16:00:00+00:00,0.2,0.439999,1173.230967,0.0,5.739347,19.9323285,1207.1105069999999,2406.6531484999996,0.0,0.0,7315.67,2406.6531484999996,7315.67,-4909.0168515000005
2026-02-02 17:00:00+00:00,0.2,0.439999,1165.28238825,0.0,4.1568665,27.2299295,1207.298287,2404.60747025,0.0,0.0,7231.9775,2404.60747025,7231.9775,-4827.37002975
2026-02-02 18:00:00+00:00,0.2,0.439999,1185.972017,0.0,3.15824975,34.50680275,1157.3681852500001,2381.64525375,0.0,0.0,7123.6475,2381.64525375,7123.6475,-4742.00224625
2026-02-02 19:00:00+00:00,0.2,0.439999,1176.1016445,0.0,3.5994574999999998,35.0530185,1018.22082175,2233.61494125,0.0,0.0,7055.225,2233.61494125,7055.225,-4821.6100587500005
2026-02-02 20:00:00+00:00,0.2,0.439999,1167.580835,0.0,4.69099,36.06238525,977.45849125,2186.4327005,0.0,0.0,6912.82,2186.4327005,6912.82,-4726.3872995
2026-02-02 21:00:00+00:00,0.2,0.439999,1170.2269545,0.0,5.0047925,40.50060925,906.5759905,2122.94834575,0.0,0.0,6724.81,2122.94834575,6724.81,-4601.86165425
2026-02-02 22:00:00+00:00,0.2,0.439999,1164.934961,0.0,4.3827625,41.511394249999995,861.185059,2072.65417575,0.0,0.0,6453.4825,2072.65417575,6453.4825,-4380.82832425
2026-02-02 23:00:00+00:00,0.29988875,0.439999,1138.0087845,0.0,5.137652,35.535918,740.473031,1919.89527325,0.0,0.0,6197.415,1919.89527325,6197.415,-4277.51972675
2026-02-03 00:00:00+00:00,0.3,0.439999,1130.43580375,0.0,5.59918625,33.148835250000005,740.398664,1910.32248825,0.0,0.0,6033.7675,1910.32248825,6033.7675,-4123.44501175
2026-02-03 01:00:00+00:00,0.3,0.439999,1131.5780445,0.0,5.81762125,49.8550225,743.4721782500001,1931.4628655,0.0,0.0,5952.39,1931.4628655,5952.39,-4020.9271345000006
2026-02-03 02:00:00+00:00,0.3,0.439999,1141.5118955,0.0,6.6549375,58.172489,699.2863305,1906.3656514999998,0.0,0.0,5855.5199999999995,1906.3656514999998,5855.5199999999995,-3949.1543484999997
2026-02-03 03:00:00+00:00,0.3,0.439999,1143.4517919999998,0.0,7.01445325,42.285326749999996,674.9224987499999,1868.4140697499997,0.0,0.0,5847.2025,1868.4140697499997,5847.2025,-3978.7884302500006
2026-02-03 04:00:00+00:00,0.2000555,0.439999,1140.998619,0.0,9.48687925,52.7531225,741.5312220000001,1945.4098972499999,0.0,0.0,6006.94,1945.4098972499999,6006.94,-4061.53010275
2026-02-03 05:00:00+00:00,0.2,0.439999,1153.092308,0.0,11.703586,87.960781,779.7244410000001,2033.1211150000001,0.0,0.0,6428.7125,2033.1211150000001,6428.7125,-4395.591385
2026-02-03 06:00:00+00:00,0.2,0.439999,1161.44736425,0.0,12.8650345,105.93777425,926.17844125,2207.06861325,0.0,0.0,6834.2,2207.06861325,6834.2,-4627.131386749999
2026-02-03 07:00:00+00:00,0.2,0.439999,1174.1006105,0.0,12.86734575,101.69247924999999,961.65857175,2250.9590062499997,0.0,0.0,6969.96,2250.9590062499997,6969.96,-4719.00099375
2026-02-03 08:00:00+00:00,0.2,0.439999,1170.815699,0.0,12.750418,105.779755,971.5010765,2261.4869475,0.0,0.0,6945.145,2261.4869475,6945.145,-4683.658052500001
2026-02-03 09:00:00+00:00,0.2,0.439999,1173.46145975,0.0396025,12.0793665,101.1691405,915.272301,2202.6618692499997,0.0,0.0,6950.3525,2202.6618692499997,6950.3525,-4747.69063075
2026-02-03 10:00:00+00:00,0.29974999999999996,0.439999,1161.1583435,0.1695585,11.1604035,89.6559345,810.14706775,2073.03105675,0.0,0.0,6887.07,2073.03105675,6887.07,-4814.03894325
2026-02-03 11:00:00+00:00,0.20025,0.439999,1160.36858275,0.16380825,11.6485205,82.83267075,819.2091065,2074.86293775,0.0,0.0,6845.36,2074.86293775,6845.36,-4770.4970622499995
2026-02-03 12:00:00+00:00,0.29974999999999996,0.439999,1161.7768365000002,0.112157,12.28176,78.6498835,800.8502637500001,2054.4106497500006,0.0,0.0,6801.3125,2054.4106497500006,6801.3125,-4746.901850249999
2026-02-03 13:00:00+00:00,0.20033325000000002,0.439999,1155.778944,0.09619425000000001,11.4266785,77.03223025,790.56881125,2035.5431904999998,0.0,0.0,6802.555,2035.5431904999998,6802.555,-4767.011809500001
2026-02-03 14:00:00+00:00,0.2,0.439999,1160.12880275,0.00025,12.1022825,71.105937,884.45613025,2128.4334015,0.0,0.0,6869.035,2128.4334015,6869.035,-4740.601598499999
2026-02-03 15:00:00+00:00,0.2,0.439999,1143.66183125,0.0,11.282565,89.79382175,929.3505605,2174.7287775,0.0,0.0,6989.1175,2174.7287775,6989.1175,-4814.3887225
2026-02-03 16:00:00+00:00,0.2,0.439999,1139.6707985,0.0,10.56260775,103.6274665,945.21020375,2199.7110755000003,0.0,0.0,7025.2075,2199.7110755000003,7025.2075,-4825.4964245
2026-02-03 17:00:00+00:00,0.2,0.439999,1143.564639,0.0,9.945893,107.20946775,894.25604975,2155.6160485,0.0,0.0,6933.8150000000005,2155.6160485,6933.8150000000005,-4778.1989515000005
2026-02-03 18:00:00+00:00,0.2,0.439999,1133.27249475,0.0,9.099249,107.27477975000001,896.4106115,2146.697134,0.0,0.0,6874.3525,2146.697134,6874.3525,-4727.655366
2026-02-03 19:00:00+00:00,0.2,0.439999,1121.9226792499999,0.0,9.79226525,103.0294785,806.82270225,2042.2071242499999,0.0,0.0,6965.645,2042.2071242499999,6965.645,-4923.437875750001
2026-02-03 20:00:00+00:00,0.2,0.439999,1113.50773575,0.0,10.723970999999999,86.09831224999999,756.76385125,1967.7338692499998,0.0,0.0,6912.525,1967.7338692499998,6912.525,-4944.79113075
2026-02-03 21:00:00+00:00,0.2,0.439999,1112.71552975,0.0,11.63017475,78.69272275,728.73483025,1932.4132565,0.0,0.0,6721.8575,1932.4132565,6721.8575,-4789.4442435
2026-02-03 22:00:00+00:00,0.2,0.439999,1078.6428455,0.0,11.79924975,74.33310499999999,726.4129722499999,1891.8281714999998,0.0,0.0,6477.675,1891.8281714999998,6477.675,-4585.8468285
2026-02-03 23:00:00+00:00,0.299722,0.439999,1046.47060625,0.0,11.97817825,80.08056325,849.0179244999999,1988.2869932499998,0.0,0.0,6258.86,1988.2869932499998,6258.86,-4270.57300675
2026-02-04 00:00:00+00:00,0.3,0.439999,1017.56306125,0.0,12.278732,104.90904950000001,847.61104,1983.10188175,0.0,0.0,6091.6925,1983.10188175,6091.6925,-4108.59061825
2026-02-04 01:00:00+00:00,0.3,0.439999,1005.96122775,0.0,13.149496,117.54739075,810.012433,1947.4105465000002,0.0,0.0,6006.055,1947.4105465000002,6006.055,-4058.6444535
2026-02-04 02:00:00+00:00,0.3,0.439999,1002.664744,0.0,13.736410750000001,107.95704625,763.44532525,1888.5435252500001,0.0,0.0,5967.3175,1888.5435252500001,5967.3175,-4078.77397475
2026-02-04 03:00:00+00:00,0.3,0.439999,1009.54872525,0.0,12.8627805,93.25456600000001,779.537214,1895.94328475,0.0,0.0,5959.9275,1895.94328475,5959.9275,-4063.9842152499996
2026-02-04 04:00:00+00:00,0.20025,0.439999,1008.3691995,0.0,13.407239,79.87759225,749.5612195,1851.8554992499999,0.0,0.0,6131.1125,1851.8554992499999,6131.1125,-4279.25700075
2026-02-04 05:00:00+00:00,0.29974999999999996,0.439999,1014.80574725,0.0,14.00271275,76.527062,844.88130775,1950.95657875,0.0,0.0,6638.92,1950.95657875,6638.92,-4687.9634212500005
2026-02-04 06:00:00+00:00,0.20025,0.439999,1019.9361085,0.0,12.913034249999999,75.40080575,936.28361475,2045.17381225,0.0,0.0,7125.1224999999995,2045.17381225,7125.1224999999995,-5079.948687749999
2026-02-04 07:00:00+00:00,0.29974999999999996,0.439999,1027.47760425,0.0,13.399930750000001,72.10885875,860.30789675,1974.0340395000003,0.0,0.0,7083.1225,1974.0340395000003,7083.1225,-5109.0884605
2026-02-04 08:00:00+00:00,0.3,0.439999,1033.33767075,0.0,12.062614,73.596017,882.6100835,2002.3463842499998,0.0,0.0,7076.46,2002.3463842499998,7076.46,-5074.1136157500005
2026-02-04 09:00:00+00:00,0.3,0.439999,1026.99741775,0.11155675,11.160550749999999,75.53270925,822.14957125,1936.69180475,0.0,0.0,7196.1525,1936.69180475,7196.1525,-5259.46069525
2026-02-04 10:00:00+00:00,0.3,0.439999,1028.5052875,0.11570425000000001,12.2411445,77.995064,921.86625925,2041.4634584999997,0.0,0.0,7114.2275,2041.4634584999997,7114.2275,-5072.7640415000005
2026-02-04 11:00:00+00:00,0.3,0.439999,1042.66743175,0.20085150000000002,12.26849775,73.441593,885.1261352500001,2014.4445082500001,0.0,0.0,7071.7725,2014.4445082500001,7071.7725,-5057.32799175
2026-02-04 12:00:00+00:00,0.20025,0.439999,1039.2381295,0.15465275,11.72578625,70.454784,898.759123,2020.9727245000001,0.0,0.0,7058.7775,2020.9727245000001,7058.7775,-5037.8047755
2026-02-04 13:00:00+00:00,0.2,0.439999,1035.89889025,0.06343,11.8883515,75.58586025,901.69541825,2025.77194925,0.0,0.0,7084.945,2025.77194925,7084.945,-5059.17305075
2026-02-04 14:00:00+00:00,0.2,0.439999,1046.97178475,0.0,11.608616,74.007804,1046.46227325,2179.690477,0.0,0.0,7151.4575,2179.690477,7151.4575,-4971.767023
2026-02-04 15:00:00+00:00,0.29974999999999996,0.439999,1044.63477375,0.0,11.533558750000001,63.794657,1112.2322665000002,2232.9350050000003,0.0,0.0,7294.469999999999,2232.9350050000003,7294.469999999999,-5061.534994999999
2026-02-04 16:00:00+00:00,0.3,0.439999,1041.6007825,0.0,9.819899249999999,64.78898825,1050.973516,2167.9231849999996,0.0,0.0,7354.9575,2167.9231849999996,7354.9575,-5187.034315000001
2026-02-04 17:00:00+00:00,0.3,0.439999,1036.6304730000002,0.0,8.97670325,58.79003375,1062.66846725,2167.80567625,0.0,0.0,7262.46,2167.80567625,7262.46,-5094.65432375
2026-02-04 18:00:00+00:00,0.3,0.439999,1041.6487750000001,0.0,9.459494,53.764299,993.0458512499999,2098.65841825,0.0,0.0,7152.3375,2098.65841825,7152.3375,-5053.67908175
2026-02-04 19:00:00+00:00,0.3,0.439999,1042.66109875,0.0,11.13624475,54.50662475,970.53668525,2079.5806525,0.0,0.0,7077.885,2079.5806525,7077.885,-4998.3043475
2026-02-04 20:00:00+00:00,0.3,0.439999,1049.1993095,0.0,11.50825825,61.445444,953.10789525,2076.0009059999998,0.0,0.0,6971.045,2076.0009059999998,6971.045,-4895.044094000001
2026-02-04 21:00:00+00:00,0.3,0.439999,1056.77542575,0.0,12.30879725,66.967593,930.7549835,2067.5467985,0.0,0.0,6754.0625,2067.5467985,6754.0625,-4686.5157015
2026-02-04 22:00:00+00:00,0.3,0.439999,1058.22866675,0.0,12.476523499999999,67.20292175,896.02343225,2034.67154325,0.0,0.0,6472.702499999999,2034.67154325,6472.702499999999,-4438.030956749999
2026-02-04 23:00:00+00:00,0.3,0.439999,1039.920769,0.0,12.59991825,61.81056075,754.251861,1869.3231079999998,0.0,0.0,6261.1875,1869.3231079999998,6261.1875,-4391.864392
2026-02-05 00:00:00+00:00,0.3,0.439999,1042.16854475,0.0,13.47065675,55.046057,761.9345365,1873.359794,0.0,0.0,6098.835,1873.359794,6098.835,-4225.475206
2026-02-05 01:00:00+00:00,0.3,0.439999,1044.9046065,0.0,13.285215749999999,42.685072250000005,763.949891,1865.5647844999999,0.0,0.0,6005.1675,1865.5647844999999,6005.1675,-4139.602715499999
2026-02-05 02:00:00+00:00,0.3,0.439999,1053.001065,0.0,13.8153,50.979382,726.35824,1844.8939859999998,0.0,0.0,5958.1675,1844.8939859999998,5958.1675,-4113.2735139999995
2026-02-05 03:00:00+00:00,0.3,0.439999,1055.36254675,0.0,12.4102755,50.279804999999996,759.20467475,1877.9973009999999,0.0,0.0,5963.5375,1877.9973009999999,5963.5375,-4085.5401990000005
2026-02-05 04:00:00+00:00,0.20025,0.439999,1053.185714,0.0,13.0346875,61.50440925,770.4237345,1898.7887942500001,0.0,0.0,6114.145,1898.7887942500001,6114.145,-4215.35620575
2026-02-05 05:00:00+00:00,0.2,0.439999,1065.488581,0.0,13.624324999999999,56.55798075,876.93330225,2013.2441880000001,0.0,0.0,6633.2175,2013.2441880000001,6633.2175,-4619.973312
2026-02-05 06:00:00+00:00,0.2,0.439999,1073.39933025,0.0,12.618708999999999,68.0647275,1018.6690295000001,2173.3917952500005,0.0,0.0,7173.8925,2173.3917952500005,7173.8925,-5000.500704749999
2026-02-05 07:00:00+00:00,0.2,0.439999,1084.4689465000001,0.0,12.5237195,66.2705045,1054.1354515,2218.038621,0.0,0.0,7198.6525,2218.038621,7198.6525,-4980.613879
2026-02-05 08:00:00+00:00,0.2,0.439999,1093.27947,0.0,11.3790595,68.966697,1074.34322375,2248.6084492500004,0.0,0.0,7164.1175,2248.6084492500004,7164.1175,-4915.50905075
2026-02-05 09:00:00+00:00,0.2,0.439999,1093.32535975,0.12021625000000001,10.845998,63.5370815,1082.7001435,2251.1687979999997,0.0,0.0,7154.82,2251.1687979999997,7154.82,-4903.651202
2026-02-05 10:00:00+00:00,0.29974999999999996,0.439999,1095.12548975,0.06661974999999999,10.842839,60.83883475,1073.827909,2241.44144125,0.0,0.0,7245.7675,2241.44144125,7245.7675,-5004.32605875
2026-02-05 11:00:00+00:00,0.20025,0.439999,1105.19095275,0.01472525,10.869693,51.8999785,971.80148275,2140.41708125,0.0,0.0,7200.6325,2140.41708125,7200.6325,-5060.21541875
2026-02-05 12:00:00+00:00,0.29974999999999996,0.439999,1112.0336575000001,0.001611,10.89390675,58.138399750000005,973.36547875,2155.1728027500003,0.0,0.0,7171.8525,2155.1728027500003,7171.8525,-5016.67969725
2026-02-05 13:00:00+00:00,0.20027775,0.439999,1114.1476125,0.13326074999999998,9.586389,64.39338725,959.422378,2148.32330425,0.0,0.0,7173.24,2148.32330425,7173.24,-5024.91669575
2026-02-05 14:00:00+00:00,0.2,0.439999,1116.37458625,0.00027775,10.27907,58.65050375,1011.49846625,2197.442903,0.0,0.0,7268.6775,2197.442903,7268.6775,-5071.234597
2026-02-05 15:00:00+00:00,0.2,0.439999,1113.3651077499999,0.0,10.96968025,59.10285175,1101.07122875,2285.1488675,0.0,0.0,7449.9,2285.1488675,7449.9,-5164.7511325
2026-02-05 16:00:00+00:00,0.2,0.439999,1111.56956425,0.0,10.4338325,85.404467,1128.0647395,2336.1126022500002,0.0,0.0,7423.8875,2336.1126022500002,7423.8875,-5087.77489775
2026-02-05 17:00:00+00:00,0.2,0.439999,1112.6502865,0.0,8.959202999999999,84.748339,1172.771885,2379.7697125,0.0,0.0,7257.295,2379.7697125,7257.295,-4877.525287500001
2026-02-05 18:00:00+00:00,0.2,0.439999,1111.486067,0.0,8.1357485,92.5612,1161.27584175,2374.09885625,0.0,0.0,7189.4675,2374.09885625,7189.4675,-4815.36864375
2026-02-05 19:00:00+00:00,0.2,0.439999,1105.523319,0.0,9.33951575,88.36970099999999,1143.51199475,2347.3845295,0.0,0.0,7195.53,2347.3845295,7195.53,-4848.1454705
2026-02-05 20:00:00+00:00,0.2,0.439999,1100.852711,0.0,10.00759175,90.9202075,982.051804,2184.4723132500003,0.0,0.0,7186.077499999999,2184.4723132500003,7186.077499999999,-5001.605186749999
2026-02-05 21:00:00+00:00,0.2,0.439999,1081.58230275,0.0,10.996403749999999,113.83796925,907.5285265,2114.58520125,0.0,0.0,7008.3724999999995,2114.58520125,7008.3724999999995,-4893.7872987499995
2026-02-05 22:00:00+00:00,0.2,0.439999,1075.8262785,0.0,10.903963749999999,134.10003475,860.4457189999999,2081.915995,0.0,0.0,6741.6475,2081.915995,6741.6475,-4659.731505
2026-02-05 23:00:00+00:00,0.299722,0.439999,1055.6965675000001,0.0,10.02703,122.861705,785.5834765,1974.9085,0.0,0.0,6484.842500000001,1974.9085,6484.842500000001,-4509.934000000001
2026-02-06 00:00:00+00:00,0.3,0.439999,1054.08817075,0.0,11.286641249999999,156.85942425000002,741.57359875,1964.547834,0.0,0.0,6362.595,1964.547834,6362.595,-4398.047166
2026-02-06 01:00:00+00:00,0.3,0.439999,1045.323282,0.0,11.5839155,164.850245,741.464481,1963.9619225000001,0.0,0.0,6256.4825,1963.9619225000001,6256.4825,-4292.5205774999995
2026-02-06 02:00:00+00:00,0.3,0.439999,1047.731489,0.0,11.393332000000001,160.10449925,744.5232865,1964.49260575,0.0,0.0,6200.66,1964.49260575,6200.66,-4236.16739425
2026-02-06 03:00:00+00:00,0.3,0.439999,1037.69597225,0.0,11.093295999999999,161.09673725,755.21567225,1965.8416767499998,0.0,0.0,6230.185,1965.8416767499998,6230.185,-4264.343323250001
2026-02-06 04:00:00+00:00,0.3,0.439999,1043.2181177500001,0.0,11.67973275,190.88296250000002,831.925707,2078.446519,0.0,0.0,6380.275,2078.446519,6380.275,-4301.828481
2026-02-06 05:00:00+00:00,0.3,0.439999,1089.7391155,0.0,11.8244435,200.99119374999998,950.409897,2253.7046487499997,0.0,0.0,6852.215,2253.7046487499997,6852.215,-4598.510351250001
2026-02-06 06:00:00+00:00,0.3,0.439999,1089.987977,0.0,11.862012,203.81155225,1107.46062075,2413.862161,0.0,0.0,7262.185,2413.862161,7262.185,-4848.322839
2026-02-06 07:00:00+00:00,0.3,0.439999,1116.67223125,0.0,12.088065499999999,188.714699,1065.1303045,2383.34529925,0.0,0.0,7437.3375,2383.34529925,7437.3375,-5053.992200749999
2026-02-06 08:00:00+00:00,0.3,0.439999,1128.85833425,0.0,10.935832,183.7795575,1054.07244325,2378.3861660000002,0.0,0.0,7503.9400000000005,2378.3861660000002,7503.9400000000005,-5125.553834
2026-02-06 09:00:00+00:00,0.3,0.439999,1141.58367825,0.099472,10.2150985,189.08140025,1045.9081395,2387.6277875000005,0.0,0.0,7469.305,2387.6277875000005,7469.305,-5081.6772125
2026-02-06 10:00:00+00:00,0.3,0.439999,1117.32748,0.0932775,10.50744925,168.05853075,1002.55079325,2299.27752975,0.0,0.0,7412.6425,2299.27752975,7412.6425,-5113.36497025
2026-02-06 11:00:00+00:00,0.3,0.439999,1125.92201175,0.18744725,9.72161625,169.3949815,1024.0705292500002,2330.036585,0.0,0.0,7384.6625,2330.036585,7384.6625,-5054.6259150000005
2026-02-06 12:00:00+00:00,0.3,0.439999,1129.0220845,0.10027775,9.6025335,184.00556825,1126.589554,2450.060017,0.0,0.0,7408.785,2450.060017,7408.785,-4958.724983
2026-02-06 13:00:00+00:00,0.3,0.439999,1123.1765845,0.1,9.5142015,182.48613575,1122.70281175,2438.7197324999997,0.0,0.0,7393.87,2438.7197324999997,7393.87,-4955.1502675
2026-02-06 14:00:00+00:00,0.3,0.439999,1127.187424,0.00025,10.64394675,193.5524045,1119.49178775,2451.615812,0.0,0.0,7344.8099999999995,2451.615812,7344.8099999999995,-4893.1941879999995
2026-02-06 15:00:00+00:00,0.3,0.439999,1128.3462292499999,0.0,9.205535000000001,179.51833399999998,1113.57136225,2431.3814594999994,0.0,0.0,7419.7425,2431.3814594999994,7419.7425,-4988.361040500001
2026-02-06 16:00:00+00:00,0.3,0.439999,1127.04671775,0.0,9.58969225,177.410358,1055.0827995,2369.8695665,0.0,0.0,7387.85,2369.8695665,7387.85,-5017.980433500001
2026-02-06 17:00:00+00:00,0.3,0.439999,1124.775736,0.0,8.29354275,159.8161355,1061.13881125,2354.7642244999997,0.0,0.0,7273.02,2354.7642244999997,7273.02,-4918.255775500001
2026-02-06 18:00:00+00:00,0.3,0.439999,1124.96830525,0.0,8.45266775,146.56668224999999,1110.7117832499998,2391.4394374999997,0.0,0.0,7288.14,2391.4394374999997,7288.14,-4896.7005625
2026-02-06 19:00:00+00:00,0.3,0.439999,1117.1094475,0.0,8.94980725,142.3851575,868.3548262500001,2137.5392375,0.0,0.0,7147.35,2137.5392375,7147.35,-5009.8107625
2026-02-06 20:00:00+00:00,0.3,0.439999,1104.2586535,0.0,9.98851125,118.0916735,853.755312,2086.8341492500003,0.0,0.0,6984.735,2086.8341492500003,6984.735,-4897.900850749999
2026-02-06 21:00:00+00:00,0.3,0.439999,1099.179881,0.0,10.76156475,117.818059,900.96799025,2129.4674939999995,0.0,0.0,6818.2575,2129.4674939999995,6818.2575,-4688.790006
2026-02-06 22:00:00+00:00,0.3,0.439999,1099.5894475,0.0,10.9810695,108.14032725,836.09812575,2055.548969,0.0,0.0,6604.93,2055.548969,6604.93,-4549.381031000001
2026-02-06 23:00:00+00:00,0.3,0.439999,1088.48760525,0.0,12.1554775,88.87230174999999,790.9959612499999,1981.2513447499996,0.0,0.0,6396.0975,1981.2513447499996,6396.0975,-4414.84615525
2026-02-07 00:00:00+00:00,0.3,0.439999,1085.63206375,0.0,12.29795575,79.2280795,768.44861375,1946.34671175,0.0,0.0,6242.3175,1946.34671175,6242.3175,-4295.970788250001
2026-02-07 01:00:00+00:00,0.3,0.439999,1083.3674025,0.0,12.6674425,76.4702785,749.0998175,1922.34494,0.0,0.0,6114.96,1922.34494,6114.96,-4192.61506
2026-02-07 02:00:00+00:00,0.3,0.439999,1087.33084925,0.0,13.87558175,76.4269135,743.05834625,1921.4316897499998,0.0,0.0,6036.245,1921.4316897499998,6036.245,-4114.81331025
2026-02-07 03:00:00+00:00,0.3,0.439999,1093.95999475,0.0,12.84574975,75.92576075,720.192364,1903.6638682500002,0.0,0.0,5993.465,1903.6638682500002,5993.465,-4089.80113175
2026-02-07 04:00:00+00:00,0.3,0.439999,1093.0515679999999,0.0,13.46597775,77.1277415,701.3313452499999,1885.7166314999997,0.0,0.0,5981.577499999999,1885.7166314999997,5981.577499999999,-4095.8608685
2026-02-07 05:00:00+00:00,0.3,0.439999,1096.28295725,0.0,14.7544395,90.86471225,690.63201925,1893.2741272499998,0.0,0.0,6057.6900000000005,1893.2741272499998,6057.6900000000005,-4164.415872750001
2026-02-07 06:00:00+00:00,0.3,0.439999,1097.01450975,0.0,16.164337,97.96284625,774.2086855,1986.0903774999997,0.0,0.0,6208.577499999999,1986.0903774999997,6208.577499999999,-4222.4871225
2026-02-07 07:00:00+00:00,0.3,0.439999,1115.903923,0.0,16.068421999999998,101.23918175,827.3222525,2061.27377825,0.0,0.0,6399.0025000000005,2061.27377825,6399.0025000000005,-4337.728721750001
2026-02-07 08:00:00+00:00,0.3,0.439999,1117.56624625,0.0,15.2605655,105.35295775,849.9584865,2088.878255,0.0,0.0,6593.87,2088.878255,6593.87,-4504.991744999999
2026-02-07 09:00:00+00:00,0.3,0.439999,1127.023081,0.034360749999999995,13.452238,89.1731685,821.243689,2051.66653625,0.0,0.0,6800.885,2051.66653625,6800.885,-4749.21846375
2026-02-07 10:00:00+00:00,0.3,0.439999,1113.06350225,0.09836025000000001,14.100378249999999,71.44601875000001,765.84147,1965.2897285,0.0,0.0,6842.365,1965.2897285,6842.365,-4877.0752715
2026-02-07 11:00:00+00:00,0.3,0.439999,1123.49126625,0.09610825,14.03557225,58.58687175,733.61252525,1930.56234275,0.0,0.0,6835.215,1930.56234275,6835.215,-4904.652657250001
2026-02-07 12:00:00+00:00,0.3,0.439999,1099.28680525,0.00074075,14.05172325,48.94849775,735.77624725,1898.8040132499996,0.0,0.0,6784.2,1898.8040132499996,6784.2,-4885.39598675
2026-02-07 13:00:00+00:00,0.3,0.439999,1110.26811475,0.00027775,14.4103075,41.694050000000004,750.600673,1917.7134219999998,0.0,0.0,6714.335,1917.7134219999998,6714.335,-4796.621578
2026-02-07 14:00:00+00:00,0.3,0.439999,1116.6169395,0.0,13.368303,49.73573275,929.05804,2109.5190142499996,0.0,0.0,6690.87,2109.5190142499996,6690.87,-4581.35098575
2026-02-07 15:00:00+00:00,0.3,0.439999,1128.608193,0.0,12.731896,75.679411,984.8464505,2202.6059495,0.0,0.0,6580.55,2202.6059495,6580.55,-4377.9440505
2026-02-07 16:00:00+00:00,0.3,0.439999,1136.48171525,0.0,12.167147,113.32955749999999,1038.00666425,2300.7250830000003,0.0,0.0,6585.8925,2300.7250830000003,6585.8925,-4285.167417
2026-02-07 17:00:00+00:00,0.3,0.439999,1135.90879025,0.0,12.04316,139.82856025,1022.73270975,2311.25321925,0.0,0.0,6588.495,2311.25321925,6588.495,-4277.2417807500005
2026-02-07 18:00:00+00:00,0.3,0.439999,1128.34756825,0.0,12.13104925,148.6279495,1019.14524425,2308.9918102499996,0.0,0.0,6474.855,2308.9918102499996,6474.855,-4165.86318975
2026-02-07 19:00:00+00:00,0.3,0.439999,1130.3947415,0.0,13.1130885,151.5262205,955.90521225,2251.6792617499996,0.0,0.0,6495.62,2251.6792617499996,6495.62,-4243.94073825
2026-02-07 20:00:00+00:00,0.3,0.439999,1123.7110292500001,0.0,13.03868,161.653323,863.00780575,2162.150837,0.0,0.0,6422.5225,2162.150837,6422.5225,-4260.371663
2026-02-07 21:00:00+00:00,0.3,0.439999,1113.00554825,0.0,13.3456285,163.34934825,859.68185725,2150.1223812499998,0.0,0.0,6350.9275,2150.1223812499998,6350.9275,-4200.8051187500005
2026-02-07 22:00:00+00:00,0.3,0.439999,1103.56083575,0.0,13.08070825,112.3065055,814.50840725,2044.19645575,0.0,0.0,6267.38,2044.19645575,6267.38,-4223.18354425
2026-02-07 23:00:00+00:00,0.3,0.439999,1095.2593582499999,0.0,13.946977,78.36924425000001,853.9147780000001,2042.2303565,0.0,0.0,6168.7625,2042.2303565,6168.7625,-4126.5321435
2026-02-08 00:00:00+00:00,0.3,0.439999,1096.8286125,0.0,13.87315525,45.02888,829.7001995,1986.17084625,0.0,0.0,6092.875,1986.17084625,6092.875,-4106.70415375
2026-02-08 01:00:00+00:00,0.3,0.439999,1072.80419225,0.0,13.45493025,26.6670835,810.19186925,1923.8580742499998,0.0,0.0,5998.98,1923.8580742499998,5998.98,-4075.1219257499997
2026-02-08 02:00:00+00:00,0.3,0.439999,1083.1604029999999,0.0,14.542462,32.40973625,830.5306655,1961.3832657499997,0.0,0.0,5928.7925,1961.3832657499997,5928.7925,-3967.40923425
2026-02-08 03:00:00+00:00,0.3,0.439999,1077.37433275,0.0,13.7179285,28.44857825,817.365125,1937.6459634999999,0.0,0.0,5874.615,1937.6459634999999,5874.615,-3936.9690364999997
2026-02-08 04:00:00+00:00,0.3,0.439999,1077.74674825,0.0,14.78472875,21.23902175,809.6509149999999,1924.1614127499997,0.0,0.0,5884.0,1924.1614127499997,5884.0,-3959.8385872500003
2026-02-08 05:00:00+00:00,0.3,0.439999,1080.7232125,0.0,16.6434055,15.26524075,897.507256,2010.8791137499998,0.0,0.0,5940.705,2010.8791137499998,5940.705,-3929.82588625
2026-02-08 06:00:00+00:00,0.3,0.439999,1089.57019825,0.0,17.8241905,11.33905575,975.97166775,2095.44511125,0.0,0.0,6065.2725,2095.44511125,6065.2725,-3969.82738875
2026-02-08 07:00:00+00:00,0.3,0.439999,1090.9886192499998,0.0,17.8194045,6.4608305,975.06089625,2091.0697494999995,0.0,0.0,6241.6825,2091.0697494999995,6241.6825,-4150.6127505
2026-02-08 08:00:00+00:00,0.3,0.439999,1092.3446182500002,0.0,17.50289275,9.439796,1069.574817,2189.6021229999997,0.0,0.0,6463.265,2189.6021229999997,6463.265,-4273.662877000001
2026-02-08 09:00:00+00:00,0.3,0.439999,1097.11589975,0.0,15.80116,10.38468575,1082.4518484999999,2206.4935929999997,0.0,0.0,6608.785,2206.4935929999997,6608.785,-4402.291407000001
2026-02-08 10:00:00+00:00,0.3,0.439999,1097.62620075,0.065944,15.776359,7.990994000000001,1018.963637,2141.16313375,0.0,0.0,6673.0475,2141.16313375,6673.0475,-4531.88436625
2026-02-08 11:00:00+00:00,0.3,0.439999,1103.532422,0.13178299999999998,15.12337725,5.82080225,973.60799575,2098.95637925,0.0,0.0,6698.075,2098.95637925,6698.075,-4599.1186207499995
2026-02-08 12:00:00+00:00,0.3,0.439999,1103.065383,0.08105525,14.38206625,11.867681000000001,970.8261235,2100.962308,0.0,0.0,6670.8925,2100.962308,6670.8925,-4569.930192
2026-02-08 13:00:00+00:00,0.3,0.439999,1108.3758555,0.00525,14.46788775,22.043563499999998,933.2299475,2078.8625032499995,0.0,0.0,6652.15,2078.8625032499995,6652.15,-4573.28749675
2026-02-08 14:00:00+00:00,0.3,0.439999,1109.7165839999998,0.0,13.7847725,25.533343,952.287243,2102.0619414999996,0.0,0.0,6702.89,2102.0619414999996,6702.89,-4600.828058500001
2026-02-08 15:00:00+00:00,0.3,0.439999,1108.6471980000001,0.0,12.600519,20.41706625,997.4384735,2139.84325575,0.0,0.0,6768.88,2139.84325575,6768.88,-4629.03674425
2026-02-08 16:00:00+00:00,0.3,0.439999,1108.9753432500002,0.0,12.60667775,23.8484535,1243.761371,2389.9318445,0.0,0.0,6722.465,2389.9318445,6722.465,-4332.5331555
2026-02-08 17:00:00+00:00,0.3,0.439999,1111.14035975,0.0,12.10220575,26.091497,1228.2098675,2378.2839289999997,0.0,0.0,6703.4525,2378.2839289999997,6703.4525,-4325.168571
2026-02-08 18:00:00+00:00,0.3,0.439999,1110.1475615,0.0,12.21111225,26.120927000000002,1087.14771525,2236.3673149999995,0.0,0.0,6649.1875,2236.3673149999995,6649.1875,-4412.8201850000005
2026-02-08 19:00:00+00:00,0.3,0.439999,1110.78793775,0.0,12.72994925,20.1464105,987.887472,2132.2917684999998,0.0,0.0,6761.2775,2132.2917684999998,6761.2775,-4628.985731500001
2026-02-08 20:00:00+00:00,0.3,0.439999,1099.2659047500001,0.0,13.1594005,20.5973665,1021.24026925,2155.00294,0.0,0.0,6764.53,2155.00294,6764.53,-4609.52706
2026-02-08 21:00:00+00:00,0.3,0.439999,1100.5534775,0.0,13.45124975,21.241198750000002,988.761719,2124.747644,0.0,0.0,6628.6725,2124.747644,6628.6725,-4503.924856
2026-02-08 22:00:00+00:00,0.3,0.439999,1097.01292175,0.0,13.222322,12.703593999999999,932.0545165,2055.73335325,0.0,0.0,6397.445,2055.73335325,6397.445,-4341.71164675
2026-02-08 23:00:00+00:00,0.3,0.439999,1096.39480525,0.0,14.73520475,8.918291,937.142443,2057.930743,0.0,0.0,6197.4275,2057.930743,6197.4275,-4139.496757
2026-02-09 00:00:00+00:00,0.3,0.439999,1092.491482,0.0,14.531229249999999,4.2984659999999995,928.055607,2040.1167832499998,0.0,0.0,6028.885,2040.1167832499998,6028.885,-3988.7682167500006
2026-02-09 01:00:00+00:00,0.3,0.439999,1090.0571224999999,0.0,14.822514250000001,7.07595025,982.63157625,2095.3271622499997,0.0,0.0,5923.3099999999995,2095.3271622499997,5923.3099999999995,-3827.98283775
2026-02-09 02:00:00+00:00,0.3,0.439999,1089.5376265,0.0,15.5042935,7.26432225,988.3189022500001,2101.3651435,0.0,0.0,5887.6449999999995,2101.3651435,5887.6449999999995,-3786.2798564999994
2026-02-09 03:00:00+00:00,0.3,0.439999,1095.4806615,0.0,14.596048,5.1277655,975.34661575,2091.2910897499996,0.0,0.0,5879.8725,2091.2910897499996,5879.8725,-3788.5814102500008
2026-02-09 04:00:00+00:00,0.3,0.439999,1094.804903,0.0,14.925643,3.5063375,993.98858175,2107.96546425,0.0,0.0,6057.47,2107.96546425,6057.47,-3949.5045357500003
2026-02-09 05:00:00+00:00,0.3,0.439999,1100.9277785,0.0,15.35576125,0.47044874999999997,1026.956384,2144.4503715,0.0,0.0,6409.014999999999,2144.4503715,6409.014999999999,-4264.564628499999
2026-02-09 06:00:00+00:00,0.3,0.439999,1107.8957329999998,0.0,14.237734249999999,0.0,1157.29814575,2280.1716119999996,0.0,0.0,6984.3525,2280.1716119999996,6984.3525,-4704.180888000001
2026-02-09 07:00:00+00:00,0.3,0.439999,1109.452176,0.0,13.34227425,0.0,1219.408727,2342.94317625,0.0,0.0,7132.9400000000005,2342.94317625,7132.9400000000005,-4789.996823750001
2026-02-09 08:00:00+00:00,0.3,0.439999,1117.8121927500001,0.0,13.76836725,0.41156575000000006,1189.008239,2321.74036375,0.0,0.0,7131.967500000001,2321.74036375,7131.967500000001,-4810.2271362500005
2026-02-09 09:00:00+00:00,0.3,0.439999,1114.4894745,0.105427,12.291685,0.9295627499999999,1142.9746567500001,2271.530805,0.0,0.0,7071.53,2271.530805,7071.53,-4799.999195
2026-02-09 10:00:00+00:00,0.3,0.439999,1111.85181725,0.18725925,12.37237875,0.0796145,1097.36941,2222.6004787499996,0.0,0.0,7009.08,2222.6004787499996,7009.08,-4786.47952125
2026-02-09 11:00:00+00:00,0.3,0.439999,1112.8122145,0.31976225,12.4928825,0.0,1062.4435735,2188.8084317499997,0.0,0.0,6945.7425,2188.8084317499997,6945.7425,-4756.934068250001
2026-02-09 12:00:00+00:00,0.3,0.439999,1110.406187,0.2733365,11.9528815,0.0,1079.18758375,2202.55998775,0.0,0.0,6890.805,2202.55998775,6890.805,-4688.24501225
2026-02-09 13:00:00+00:00,0.3,0.439999,1122.12730825,0.1555345,12.0721265,0.0,1082.3427555,2217.43772375,0.0,0.0,6845.21,2217.43772375,6845.21,-4627.77227625
2026-02-09 14:00:00+00:00,0.3,0.439999,1124.30347275,0.00025,12.49151875,0.31838174999999996,1141.72687225,2279.5804945,0.0,0.0,6884.5875,2279.5804945,6884.5875,-4605.0070055
2026-02-09 15:00:00+00:00,0.3,0.439999,1127.6906522499999,0.0,12.49621725,3.68674175,1167.665066,2312.27867625,0.0,0.0,6994.4125,2312.27867625,6994.4125,-4682.13382375
2026-02-09 16:00:00+00:00,0.3,0.439999,1121.7501862499998,0.0,11.43756775,3.46667625,1213.1524605,2350.5468897499995,0.0,0.0,7075.9425,2350.5468897499995,7075.9425,-4725.395610250001
2026-02-09 17:00:00+00:00,0.3,0.439999,1114.741345,0.0,10.0829195,8.1312225,1125.29299825,2258.9884842499996,0.0,0.0,6983.01,2258.9884842499996,6983.01,-4724.021515750001
2026-02-09 18:00:00+00:00,0.3,0.439999,1118.029181,0.0,9.27448875,8.48760425,1070.58858675,2207.11985975,0.0,0.0,6855.1225,2207.11985975,6855.1225,-4648.002640250001
2026-02-09 19:00:00+00:00,0.3,0.439999,1125.196388,0.0,10.232893749999999,6.891653,1097.66341475,2240.7243485,0.0,0.0,6789.085,2240.7243485,6789.085,-4548.3606515
2026-02-09 20:00:00+00:00,0.3,0.439999,1124.98235725,0.0,10.6011065,12.551931249999999,1057.27355575,2206.1489497499997,0.0,0.0,6708.1225,2206.1489497499997,6708.1225,-4501.973550250001
2026-02-09 21:00:00+00:00,0.3,0.439999,1120.666396,0.0,11.45397,16.080464,1036.4701825,2185.4110115,0.0,0.0,6574.76,2185.4110115,6574.76,-4389.3489885
2026-02-09 22:00:00+00:00,0.3,0.439999,1115.76455225,0.0,11.72731175,21.848082249999997,1010.87644575,2160.9563909999997,0.0,0.0,6504.5725,2160.9563909999997,6504.5725,-4343.6161090000005
2026-02-09 23:00:00+00:00,0.3,0.439999,1098.935113,0.0,12.268347,17.0985935,932.48460775,2061.52666025,0.0,0.0,6334.1775,2061.52666025,6334.1775,-4272.65083975
2026-02-10 00:00:00+00:00,0.3,0.439999,1093.9952295,0.0,11.87632775,8.37046925,932.3843527500001,2047.36637825,0.0,0.0,6194.17,2047.36637825,6194.17,-4146.80362175
2026-02-10 01:00:00+00:00,0.20025,0.439999,1088.70858075,0.0,12.08814375,3.07178175,912.8119467500001,2017.320702,0.0,0.0,6106.5725,2017.320702,6106.5725,-4089.2517980000002
2026-02-10 02:00:00+00:00,0.29974999999999996,0.439999,1093.442073,0.0,12.995587,0.0051305,917.8080505,2024.9905899999999,0.0,0.0,6089.26,2024.9905899999999,6089.26,-4064.2694100000003
2026-02-10 03:00:00+00:00,0.3,0.439999,1094.23309,0.0,12.16758225,0.0,908.30507975,2015.4457509999997,0.0,0.0,6109.4875,2015.4457509999997,6109.4875,-4094.0417490000004
2026-02-10 04:00:00+00:00,0.3,0.439999,1093.8719797499998,0.0,12.4635925,0.0,884.3419575,1991.4175287499997,0.0,0.0,6262.6825,1991.4175287499997,6262.6825,-4271.264971250001
2026-02-10 05:00:00+00:00,0.3,0.439999,1114.647836,0.0,13.4568755,0.0,927.725149,2056.5698595,0.0,0.0,6602.12,2056.5698595,6602.12,-4545.5501404999995
2026-02-10 06:00:00+00:00,0.3,0.439999,1117.5091347500002,0.0,12.7939545,0.0,926.56030875,2057.603397,0.0,0.0,7123.4400000000005,2057.603397,7123.4400000000005,-5065.836603000001
2026-02-10 07:00:00+00:00,0.3,0.439999,1117.74913025,0.0,12.756658250000001,0.0,971.1598625,2102.40565,0.0,0.0,7261.265,2102.40565,7261.265,-5158.859350000001
2026-02-10 08:00:00+00:00,0.3,0.439999,1120.4938345,0.024722,11.8497875,0.0,994.34804375,2127.45638675,0.0,0.0,7256.15,2127.45638675,7256.15,-5128.6936132499995
2026-02-10 09:00:00+00:00,0.3,0.439999,1117.5764675,0.121586,11.026768,0.0,948.32538625,2077.79020675,0.0,0.0,7155.095,2077.79020675,7155.095,-5077.30479325
2026-02-10 10:00:00+00:00,0.3,0.439999,1117.58887525,0.08616625,11.043099,0.0,917.92709625,2047.3852357499998,0.0,0.0,7041.3675,2047.3852357499998,7041.3675,-4993.98226425
2026-02-10 11:00:00+00:00,0.3,0.439999,1132.71298475,0.0924225,11.03073,0.0,954.8907467500001,2099.466883,0.0,0.0,6902.4425,2099.466883,6902.4425,-4802.975617
2026-02-10 12:00:00+00:00,0.3,0.439999,1139.74299175,0.16876575,10.78599275,0.0,892.969937,2044.40768625,0.0,0.0,6757.610000000001,2044.40768625,6757.610000000001,-4713.20231375
2026-02-10 13:00:00+00:00,0.3,0.439999,1134.202828,0.067179,10.839342,0.0,916.316786,2062.1661339999996,0.0,0.0,6769.4800000000005,2062.1661339999996,6769.4800000000005,-4707.313866
2026-02-10 14:00:00+00:00,0.3,0.439999,1132.998241,0.0,11.67265575,0.0,937.0445669999999,2082.45546275,0.0,0.0,6833.7725,2082.45546275,6833.7725,-4751.31703725
2026-02-10 15:00:00+00:00,0.3,0.439999,1133.60391975,0.0,10.82316225,0.0,914.435982,2059.6030629999996,0.0,0.0,6974.1825,2059.6030629999996,6974.1825,-4914.579437
2026-02-10 16:00:00+00:00,0.3,0.439999,1131.6082609999999,0.0,10.14430125,0.0,1005.094028,2147.5865892499996,0.0,0.0,7066.68,2147.5865892499996,7066.68,-4919.093410750001
2026-02-10 17:00:00+00:00,0.3,0.439999,1129.3782529999999,0.0,9.5982535,0.0,982.6527577500001,2122.3692632499997,0.0,0.0,7011.96,2122.3692632499997,7011.96,-4889.59073675
2026-02-10 18:00:00+00:00,0.3,0.439999,1126.2228997500001,0.0,9.0330825,0.2243445,945.28128075,2081.5016065,0.0,0.0,6934.9775,2081.5016065,6934.9775,-4853.4758935
2026-02-10 19:00:00+00:00,0.3,0.439999,1130.23464425,0.0,9.891781250000001,13.430201,984.17464825,2138.4712737499995,0.0,0.0,6881.115,2138.4712737499995,6881.115,-4742.64372625
2026-02-10 20:00:00+00:00,0.3,0.439999,1126.1000085,0.0,10.52907025,30.8571645,985.88790175,2154.1141439999997,0.0,0.0,6804.6575,2154.1141439999997,6804.6575,-4650.543356
2026-02-10 21:00:00+00:00,0.2000555,0.439999,1118.8706742499999,0.0,10.70218275,55.35358325,977.90807575,2163.4745704999996,0.0,0.0,6786.045,2163.4745704999996,6786.045,-4622.5704295000005
2026-02-10 22:00:00+00:00,0.29833325,0.439999,1111.84758325,0.0,11.4054675,56.1548865,912.73400025,2092.88026975,0.0,0.0,6497.67,2092.88026975,6497.67,-4404.7897302500005
2026-02-10 23:00:00+00:00,0.3,0.439999,1108.7697535,0.0,12.39357175,71.041465,892.191986,2085.13677525,0.0,0.0,6238.95,2085.13677525,6238.95,-4153.81322475
2026-02-11 00:00:00+00:00,0.3,0.439999,1107.69421975,0.0,13.67869925,70.30770775,888.390273,2080.81089875,0.0,0.0,6085.59,2080.81089875,6085.59,-4004.77910125
2026-02-11 01:00:00+00:00,0.2000555,0.439999,1104.2432435,0.0,14.59893425,106.04854,808.8294472499999,2034.3602194999999,0.0,0.0,5991.42,2034.3602194999999,5991.42,-3957.0597805
2026-02-11 02:00:00+00:00,0.29994425,0.439999,1107.61032125,0.0,15.324055,118.8737505,869.14391725,2111.69198725,0.0,0.0,5920.3375,2111.69198725,5920.3375,-3808.64551275
2026-02-11 03:00:00+00:00,0.3,0.439999,1097.7585465,0.0,14.44879325,130.41522225,775.34500625,2018.70756725,0.0,0.0,5905.225,2018.70756725,5905.225,-3886.5174327500004
2026-02-11 04:00:00+00:00,0.3,0.439999,1102.157816,0.0,14.903679,106.18178225,790.53833175,2014.5216079999998,0.0,0.0,6023.3875,2014.5216079999998,6023.3875,-4008.865892
2026-02-11 05:00:00+00:00,0.3,0.439999,1109.30908925,0.0,15.670926750000001,112.20888575000001,862.383996,2100.3128967499997,0.0,0.0,6422.715,2100.3128967499997,6422.715,-4322.40210325
2026-02-11 06:00:00+00:00,0.3,0.439999,1120.09640925,0.0,14.17289325,147.7774075,945.1171295,2227.9038385,0.0,0.0,6754.7125,2227.9038385,6754.7125,-4526.808661499999
2026-02-11 07:00:00+00:00,0.3,0.439999,1116.89923275,0.0,13.8438,135.13639575,972.545782,2239.1652095,0.0,0.0,6836.5025,2239.1652095,6836.5025,-4597.3372905
2026-02-11 08:00:00+00:00,0.3,0.439999,1113.6710125,0.0,11.985862749999999,114.86076299999999,896.89768925,2138.1553265,0.0,0.0,6816.115,2138.1553265,6816.115,-4677.9596735
2026-02-11 09:00:00+00:00,0.3,0.439999,1108.01378175,0.118555,10.80363575,70.8651905,887.80239125,2078.34355325,0.0,0.0,6732.99,2078.34355325,6732.99,-4654.64644675
2026-02-11 10:00:00+00:00,0.3,0.439999,1107.91114075,0.099472,12.58047075,31.117789249999998,825.53081225,1977.979684,0.0,0.0,6648.05,1977.979684,6648.05,-4670.070316
2026-02-11 11:00:00+00:00,0.3,0.439999,1102.9326425,0.160675,12.56921375,13.895191,890.02960625,2020.3273275000001,0.0,0.0,6555.7425,2020.3273275000001,6555.7425,-4535.4151725
2026-02-11 12:00:00+00:00,0.3,0.439999,1098.44746175,0.200998,12.5134525,9.03451875,878.9768645,1999.9132945000001,0.0,0.0,6511.63,1999.9132945000001,6511.63,-4511.7167055
2026-02-11 13:00:00+00:00,0.3,0.439999,1092.35097175,0.0995275,12.6561475,4.6720335,871.111038,1981.62971725,0.0,0.0,6503.87,1981.62971725,6503.87,-4522.24028275
2026-02-11 14:00:00+00:00,0.3,0.439999,1080.4620332499999,8.325e-05,13.748208250000001,5.0644659999999995,940.0032072500001,2040.017997,0.0,0.0,6545.82,2040.017997,6545.82,-4505.802003
2026-02-11 15:00:00+00:00,0.3,0.439999,1090.19138275,0.0,12.69778425,12.208809,970.509396,2086.347371,0.0,0.0,6679.7775,2086.347371,6679.7775,-4593.430129
2026-02-11 16:00:00+00:00,0.3,0.439999,1108.59244975,0.0,11.33077875,16.03960525,1016.4433735,2153.14620625,0.0,0.0,6761.9025,2153.14620625,6761.9025,-4608.756293750001
2026-02-11 17:00:00+00:00,0.3,0.439999,1113.55705175,0.0,10.937572,20.145775999999998,1002.4655104999999,2147.8459092499997,0.0,0.0,6722.1,2147.8459092499997,6722.1,-4574.254090750001
2026-02-11 18:00:00+00:00,0.3,0.439999,1112.0009465,0.0,10.279612,19.0670255,967.3556464999999,2109.4432294999997,0.0,0.0,6664.82,2109.4432294999997,6664.82,-4555.3767705
2026-02-11 19:00:00+00:00,0.3,0.439999,1113.22448625,0.0,11.6036645,12.7622405,922.089901,2060.4202912499995,0.0,0.0,6543.0975,2060.4202912499995,6543.0975,-4482.67720875
2026-02-11 20:00:00+00:00,0.3,0.439999,1112.31002525,0.0,12.5742575,14.22574125,922.261531,2062.111554,0.0,0.0,6561.62,2062.111554,6561.62,-4499.508446
2026-02-11 21:00:00+00:00,0.2000555,0.439999,1102.321166,0.0,13.289795999999999,16.203177750000002,878.60866075,2011.0628549999997,0.0,0.0,6461.5275,2011.0628549999997,6461.5275,-4450.464645
2026-02-11 22:00:00+00:00,0.2999165,0.439999,1092.8786917500001,0.0,13.25731825,22.4300545,828.568292,1957.8742720000005,0.0,0.0,6244.1175,1957.8742720000005,6244.1175,-4286.243227999999
2026-02-11 23:00:00+00:00,0.3,0.439999,1089.4866155,0.0,13.90195525,32.92513125,622.4972722499999,1759.5509732499997,0.0,0.0,6000.2275,1759.5509732499997,6000.2275,-4240.67652675
2026-02-12 00:00:00+00:00,0.3,0.439999,1087.3275675,0.0,13.378792,44.190437,695.17654725,1840.8133427499997,0.0,0.0,5894.9725,1840.8133427499997,5894.9725,-4054.15915725
2026-02-12 01:00:00+00:00,0.3,0.439999,1083.123985,0.0,13.46449225,62.02324925,726.59698125,1885.9487067499997,0.0,0.0,5807.217500000001,1885.9487067499997,5807.217500000001,-3921.268793250001
2026-02-12 02:00:00+00:00,0.3,0.439999,1088.64198225,0.0,14.15475225,69.21332699999999,683.86309025,1856.61315075,0.0,0.0,5758.735,1856.61315075,5758.735,-3902.1218492499997
2026-02-12 03:00:00+00:00,0.3,0.439999,1085.50379025,0.0,12.7407915,69.59865500000001,695.9387985,1864.5220342500002,0.0,0.0,5763.545,1864.5220342500002,5763.545,-3899.02296575
2026-02-12 04:00:00+00:00,0.20008325000000002,0.439999,1079.3905690000001,0.0,13.327021,113.38616825,725.2810039999999,1932.0248445000002,0.0,0.0,5881.5575,1932.0248445000002,5881.5575,-3949.5326554999997
2026-02-12 05:00:00+00:00,0.2,0.439999,1092.4352127500001,0.0,14.62261875,117.64368975,865.31056875,2090.652089,0.0,0.0,6337.7125,2090.652089,6337.7125,-4247.0604109999995
2026-02-12 06:00:00+00:00,0.2,0.439999,1105.379582,0.0,12.71778825,103.3554205,973.66993075,2195.7627205,0.0,0.0,6808.924999999999,2195.7627205,6808.924999999999,-4613.162279499999
2026-02-12 07:00:00+00:00,0.2,0.439999,1103.5365465,0.0,12.709567,101.02957625,978.63995025,2196.555639,0.0,0.0,6945.795,2196.555639,6945.795,-4749.239361
2026-02-12 08:00:00+00:00,0.2,0.439999,1099.38570325,0.0,10.745096,83.3828175,966.43769575,2160.5913115000003,0.0,0.0,6967.1625,2160.5913115000003,6967.1625,-4806.5711885
2026-02-12 09:00:00+00:00,0.2,0.439999,1100.80381725,0.09905525000000001,11.1997605,69.02650825,941.2590925,2123.02823275,0.0,0.0,6865.065,2123.02823275,6865.065,-4742.03676725
2026-02-12 10:00:00+00:00,0.299861,0.439999,1103.11862225,0.150255,10.32185775,55.84701175,901.60268075,2071.7802874999998,0.0,0.0,6777.0275,2071.7802874999998,6777.0275,-4705.2472125
2026-02-12 11:00:00+00:00,0.20013875,0.439999,1104.2705995000001,0.21599875,11.56252075,28.35621125,967.2241,2112.2695679999997,0.0,0.0,6732.52,2112.2695679999997,6732.52,-4620.250432000001
2026-02-12 12:00:00+00:00,0.29977775,0.439999,1099.04915575,0.19795825,11.05881625,34.55107325,1051.1400515,2196.73683175,0.0,0.0,6721.0325,2196.73683175,6721.0325,-4524.295668250001
2026-02-12 13:00:00+00:00,0.2000555,0.439999,1100.7702505,0.06730525,11.035361250000001,41.988978,1102.87473275,2257.37668225,0.0,0.0,6737.12,2257.37668225,6737.12,-4479.74331775
2026-02-12 14:00:00+00:00,0.2,0.439999,1102.7507185,0.00013875,11.999638000000001,44.89518225,1097.77100675,2258.05668325,0.0,0.0,6811.4925,2258.05668325,6811.4925,-4553.43581675
2026-02-12 15:00:00+00:00,0.2,0.439999,1113.87323775,0.0,11.65663975,33.77015825,1011.3102455000001,2171.2502802500003,0.0,0.0,6912.0,2171.2502802500003,6912.0,-4740.74971975
2026-02-12 16:00:00+00:00,0.2,0.439999,1107.220472,0.0,10.9260305,34.82169725,1036.57732225,2190.185521,0.0,0.0,6970.0125,2190.185521,6970.0125,-4779.8269789999995
2026-02-12 17:00:00+00:00,0.2,0.439999,1103.93868625,0.0,10.07057575,42.49786025,1026.4302425,2183.57736375,0.0,0.0,6912.3,2183.57736375,6912.3,-4728.7226362500005
2026-02-12 18:00:00+00:00,0.2,0.439999,1098.9300045,0.0,8.82331475,36.43733,1000.7221805,2145.55282875,0.0,0.0,6841.4825,2145.55282875,6841.4825,-4695.92967125
2026-02-12 19:00:00+00:00,0.2,0.439999,1097.7995175,0.0,9.19578575,31.41728075,952.23202025,2091.28460325,0.0,0.0,6740.1925,2091.28460325,6740.1925,-4648.90789675
2026-02-12 20:00:00+00:00,0.2,0.439999,1097.09694825,0.0,10.26228275,28.4751875,831.8876095,1968.362027,0.0,0.0,6763.7025,1968.362027,6763.7025,-4795.340473
2026-02-12 21:00:00+00:00,0.2,0.439999,1088.2967965,0.0,10.050659750000001,32.99201325,758.733515,1890.7129835,0.0,0.0,6667.02,1890.7129835,6667.02,-4776.307016500001
2026-02-12 22:00:00+00:00,0.2,0.439999,1082.3996710000001,0.0,11.18108275,36.173882750000004,653.530712,1783.9253475000003,0.0,0.0,6447.1224999999995,1783.9253475000003,6447.1224999999995,-4663.197152499999
2026-02-12 23:00:00+00:00,0.2,0.439999,1080.78042275,0.0,13.47312425,25.850806,694.201376,1814.945728,0.0,0.0,6197.1825,1814.945728,6197.1825,-4382.236772
2026-02-13 00:00:00+00:00,0.2,0.439999,1087.4244595,0.0,13.265659,20.207359,777.53942125,1899.07689775,0.0,0.0,6027.9974999999995,1899.07689775,6027.9974999999995,-4128.920602249999
2026-02-13 01:00:00+00:00,0.2,0.439999,1088.6968545,0.0,13.3737625,14.769238,672.297572,1789.777426,0.0,0.0,5923.705,1789.777426,5923.705,-4133.927573999999
2026-02-13 02:00:00+00:00,0.2,0.439999,1087.00659275,0.0,14.07417175,9.68529925,649.57685275,1760.9829155,0.0,0.0,5880.625,1760.9829155,5880.625,-4119.6420845
2026-02-13 03:00:00+00:00,0.2,0.439999,1082.814901,0.0,14.26317825,7.411734,609.945064,1715.07487625,0.0,0.0,5854.5199999999995,1715.07487625,5854.5199999999995,-4139.44512375
2026-02-13 04:00:00+00:00,0.2,0.439999,1079.85470225,0.0,13.58690425,5.4151567499999995,714.195345,1813.69210725,0.0,0.0,5993.705,1813.69210725,5993.705,-4180.01289275
2026-02-13 05:00:00+00:00,0.2,0.439999,1093.714433,0.0,14.1971315,5.736687,809.074898,1923.3631485,0.0,0.0,6438.9974999999995,1923.3631485,6438.9974999999995,-4515.634351499999
2026-02-13 06:00:00+00:00,0.2,0.439999,1101.21285075,0.0,13.366203,10.67019125,891.93034425,2017.81958825,0.0,0.0,6807.63,2017.81958825,6807.63,-4789.810411750001
2026-02-13 07:00:00+00:00,0.2,0.439999,1107.47080575,0.0,12.280813,5.63564675,940.069943,2066.0972075,0.0,0.0,6955.2475,2066.0972075,6955.2475,-4889.1502925
2026-02-13 08:00:00+00:00,0.29994425,0.439999,1105.3047515,0.049972,10.60634125,5.515571,936.23239875,2058.44897775,0.0,0.0,7005.82,2058.44897775,7005.82,-4947.371022249999
2026-02-13 09:00:00+00:00,0.3,0.439999,1105.40766675,0.09938875,11.2854525,9.7820135,956.4626695,2083.77719,0.0,0.0,6954.24,2083.77719,6954.24,-4870.46281
2026-02-13 10:00:00+00:00,0.2000555,0.439999,1108.0590835,0.19895600000000002,12.08226525,11.397418,931.239939,2063.61771625,0.0,0.0,6880.725,2063.61771625,6880.725,-4817.1072837500005
2026-02-13 11:00:00+00:00,0.299972,0.439999,1113.93759675,0.17948625,11.710211000000001,10.30812875,933.4115205,2070.2869142500003,0.0,0.0,6755.1775,2070.2869142500003,6755.1775,-4684.890585749999
2026-02-13 12:00:00+00:00,0.3,0.439999,1115.77796125,0.09518325,11.1927395,5.230707000000001,944.5759935,2077.6125835,0.0,0.0,6691.0625,2077.6125835,6691.0625,-4613.4499165
2026-02-13 13:00:00+00:00,0.3,0.439999,1110.1425005,0.066055,11.3322995,4.88244875,953.44909225,2080.612395,0.0,0.0,6654.22,2080.612395,6654.22,-4573.607605
2026-02-13 14:00:00+00:00,0.3,0.439999,1103.92062675,5.55e-05,11.669259499999999,5.016509,974.8617644999999,2096.20821425,0.0,0.0,6675.3150000000005,2096.20821425,6675.3150000000005,-4579.10678575
2026-02-13 15:00:00+00:00,0.3,0.439999,1109.08684025,0.0,10.4370555,4.69689725,989.4850335,2114.4458255,0.0,0.0,6796.865,2114.4458255,6796.865,-4682.4191745
2026-02-13 16:00:00+00:00,0.2000555,0.439999,1105.43260575,0.0,10.56546425,11.901431,959.94901225,2088.48856775,0.0,0.0,6914.3325,2088.48856775,6914.3325,-4825.84393225
2026-02-13 17:00:00+00:00,0.29969425,0.439999,1104.084159,0.0,8.8680665,20.308190250000003,1003.179481,2137.17959,0.0,0.0,6935.6025,2137.17959,6935.6025,-4798.422909999999
2026-02-13 18:00:00+00:00,0.3,0.439999,1100.798272,0.0,8.40128325,28.67639525,997.44721875,2136.0631682499998,0.0,0.0,6854.9025,2136.0631682499998,6854.9025,-4718.83933175
2026-02-13 19:00:00+00:00,0.3,0.439999,1101.41023975,0.0,9.065491250000001,31.4693315,958.40077675,2101.08583825,0.0,0.0,6709.7025,2101.08583825,6709.7025,-4608.61666175
2026-02-13 20:00:00+00:00,0.2000555,0.439999,1106.6180937499998,0.0,9.008310999999999,23.66482275,1015.68433175,2155.6156137499997,0.0,0.0,6581.255,2155.6156137499997,6581.255,-4425.639386250001
2026-02-13 21:00:00+00:00,0.29994425,0.439999,1097.798757,0.0,10.4783315,12.53823275,1019.12256225,2140.67782675,0.0,0.0,6570.6025,2140.67782675,6570.6025,-4429.92467325
2026-02-13 22:00:00+00:00,0.3,0.439999,1088.9868535,0.0,10.4773105,7.41254,921.928124,2029.544827,0.0,0.0,6484.275,2029.544827,6484.275,-4454.730173
2026-02-13 23:00:00+00:00,0.200111,0.439999,1084.0784075,0.0,11.286296,7.17450675,804.138276,1907.31759625,0.0,0.0,6343.0325,1907.31759625,6343.0325,-4435.71490375
2026-02-14 00:00:00+00:00,0.29994425,0.439999,1073.72501925,0.0,9.716716250000001,6.688826,728.3368815,1819.2073862500001,0.0,0.0,6238.585,1819.2073862500001,6238.585,-4419.37761375
2026-02-14 01:00:00+00:00,0.3,0.439999,1068.0307955,0.0,10.41397425,10.075047249999999,689.38055075,1778.6403667499999,0.0,0.0,6188.155,1778.6403667499999,6188.155,-4409.51463325
2026-02-14 02:00:00+00:00,0.3,0.439999,1066.5689815,0.0,9.89733175,11.49321425,662.72875575,1751.42828225,0.0,0.0,6155.93,1751.42828225,6155.93,-4404.50171775
2026-02-14 03:00:00+00:00,0.3,0.439999,1062.140316,0.0,10.73445925,14.934424,662.04311425,1750.5923125,0.0,0.0,6196.0225,1750.5923125,6196.0225,-4445.4301875
2026-02-14 04:00:00+00:00,0.3,0.439999,1063.50517575,0.0,12.311239,12.74287775,689.65288325,1778.9521747499998,0.0,0.0,6225.9400000000005,1778.9521747499998,6225.9400000000005,-4446.98782525
2026-02-14 05:00:00+00:00,0.3,0.439999,1076.90348375,0.0,14.2857125,12.81844525,643.4408022499999,1748.18844275,0.0,0.0,6356.975,1748.18844275,6356.975,-4608.78655725
2026-02-14 06:00:00+00:00,0.2000555,0.439999,1080.55645525,0.0,14.06321325,12.907692,760.480236,1868.6476509999998,0.0,0.0,6574.0725,1868.6476509999998,6574.0725,-4705.424849000001
2026-02-14 07:00:00+00:00,0.2,0.439999,1079.07862325,0.02494425,13.91254075,8.015304,812.59690475,1914.2683160000001,0.0,0.0,6776.72,1914.2683160000001,6776.72,-4862.451684
2026-02-14 08:00:00+00:00,0.299972,0.439999,1081.12789775,0.0250555,13.57243975,7.26118125,845.4721405,1948.19868575,0.0,0.0,6864.5125,1948.19868575,6864.5125,-4916.313814249999
2026-02-14 09:00:00+00:00,0.3,0.439999,1080.49766625,0.139453,12.18244075,12.01171025,914.1973672500001,2019.7686365000002,0.0,0.0,7021.63,2019.7686365000002,7021.63,-5001.8613635
2026-02-14 10:00:00+00:00,0.20030550000000003,0.439999,1085.857023,0.38841975,8.8860425,5.1663435,925.4274405,2026.3655737499998,0.0,0.0,6980.07,2026.3655737499998,6980.07,-4953.70442625
2026-02-14 11:00:00+00:00,0.29988875,0.439999,1089.9643645,0.5210705,8.59849325,5.220992,853.17880575,1958.2236137500001,0.0,0.0,6821.2625,1958.2236137500001,6821.2625,-4863.038886249999
2026-02-14 12:00:00+00:00,0.3,0.439999,1094.73734425,0.43932175,8.5316045,2.5202795,835.0793437499999,1942.0478927499998,0.0,0.0,6656.8825,1942.0478927499998,6656.8825,-4714.83460725
2026-02-14 13:00:00+00:00,0.2000555,0.439999,1092.28172175,0.3596005,8.2851695,5.2697415,895.926869,2002.7631567499998,0.0,0.0,6575.445,2002.7631567499998,6575.445,-4572.68184325
2026-02-14 14:00:00+00:00,0.299972,0.439999,1081.5014635,0.02510975,7.78399,5.851046999999999,915.65204625,2011.5536275,0.0,0.0,6569.79,2011.5536275,6569.79,-4558.2363725
2026-02-14 15:00:00+00:00,0.3,0.439999,1090.7529505,0.0,11.32410725,10.9822565,989.80482525,2103.6041385,0.0,0.0,6679.4425,2103.6041385,6679.4425,-4575.8383615
2026-02-14 16:00:00+00:00,0.3,0.439999,1095.43593,0.0,11.959162,13.347791749999999,1031.9445195,2153.4274022500003,0.0,0.0,6786.035,2153.4274022500003,6786.035,-4632.6075977499995
2026-02-14 17:00:00+00:00,0.3,0.439999,1088.37912675,0.0,11.889344000000001,12.95362175,1081.67956125,2195.6416527499996,0.0,0.0,6880.42,2195.6416527499996,6880.42,-4684.7783472500005
2026-02-14 18:00:00+00:00,0.3,0.439999,1089.68310475,0.0,11.721852,12.86813875,1038.755454,2153.7685485,0.0,0.0,6846.0599999999995,2153.7685485,6846.0599999999995,-4692.291451499999
2026-02-14 19:00:00+00:00,0.3,0.439999,1089.63352775,0.0,11.75494725,13.6531245,1172.7458609999999,2288.5274595,0.0,0.0,6960.2575,2288.5274595,6960.2575,-4671.7300405
2026-02-14 20:00:00+00:00,0.3,0.439999,1086.19241675,0.0,12.2703765,16.722152,1139.52676225,2255.4517065,0.0,0.0,6912.5275,2255.4517065,6912.5275,-4657.0757935
2026-02-14 21:00:00+00:00,0.3,0.439999,1076.20624275,0.0,10.8342975,20.207996,1123.3399225,2231.32845775,0.0,0.0,6827.4325,2231.32845775,6827.4325,-4596.10404225
2026-02-14 22:00:00+00:00,0.3,0.439999,1062.85891175,0.0,12.274341249999999,24.7420865,1044.95478475,2145.5701232499996,0.0,0.0,6687.3099999999995,2145.5701232499996,6687.3099999999995,-4541.73987675
2026-02-14 23:00:00+00:00,0.3,0.439999,1057.620565,0.0,7.25680775,33.823393,978.33058225,2077.771347,0.0,0.0,6574.8099999999995,2077.771347,6574.8099999999995,-4497.038653
2026-02-15 00:00:00+00:00,0.3,0.439999,1053.4217509999999,0.0,6.4013775,65.7734955,946.39066875,2072.72729175,0.0,0.0,6487.7075,2072.72729175,6487.7075,-4414.980208250001
2026-02-15 01:00:00+00:00,0.3,0.439999,1050.7242875,0.0,6.0954092499999994,92.90215925,965.215938,2115.677793,0.0,0.0,6411.37,2115.677793,6411.37,-4295.692207
2026-02-15 02:00:00+00:00,0.20002775,0.439999,1042.6394715,0.0,7.00688825,87.64445975000001,893.22361375,2031.1544599999997,0.0,0.0,6370.1325,2031.1544599999997,6370.1325,-4338.97804
2026-02-15 03:00:00+00:00,0.29994425,0.439999,1048.94673775,0.0,6.170591,101.026849,815.61687175,1972.50099275,0.0,0.0,6346.1050000000005,1972.50099275,6346.1050000000005,-4373.60400725
2026-02-15 04:00:00+00:00,0.3,0.439999,1038.40510975,0.0,7.40293825,157.25794224999999,730.72814325,1934.5341325,0.0,0.0,6347.3125,1934.5341325,6347.3125,-4412.7783675
2026-02-15 05:00:00+00:00,0.3,0.439999,1028.44733375,0.0,9.4992725,160.928191,742.62986325,1942.2446595,0.0,0.0,6400.6625,1942.2446595,6400.6625,-4458.4178405
2026-02-15 06:00:00+00:00,0.3,0.439999,1024.9679915,0.0,10.2117225,186.58640225,810.98066725,2033.4867824999997,0.0,0.0,6505.1775,2033.4867824999997,6505.1775,-4471.6907175
2026-02-15 07:00:00+00:00,0.3,0.439999,1031.881399,0.0,9.752186,236.64450775,844.216456,2123.23454775,0.0,0.0,6679.2675,2123.23454775,6679.2675,-4556.03295225
2026-02-15 08:00:00+00:00,0.3,0.439999,1020.97077725,0.0,9.758216000000001,222.58824875,788.431811,2042.489052,0.0,0.0,6876.1475,2042.489052,6876.1475,-4833.658448
2026-02-15 09:00:00+00:00,0.3,0.439999,1018.1447802499999,0.14413425,9.19353675,161.989832,697.59142675,1887.8037089999998,0.0,0.0,7040.455,1887.8037089999998,7040.455,-5152.651291
2026-02-15 10:00:00+00:00,0.3,0.439999,1009.2200145,0.3002455,9.31206425,167.543235,708.45295975,1895.568518,0.0,0.0,7074.9,1895.568518,7074.9,-5179.331482
2026-02-15 11:00:00+00:00,0.3,0.439999,999.086873,0.101859,8.888208500000001,143.13510825,648.76647875,1800.7185265,0.0,0.0,7038.2125,1800.7185265,7038.2125,-5237.4939735
2026-02-15 12:00:00+00:00,0.3,0.439999,1000.46489,0.25786175,8.250103,115.5685355,656.5511797500001,1781.832569,0.0,0.0,7009.74,1781.832569,7009.74,-5227.907431
2026-02-15 13:00:00+00:00,0.3,0.439999,996.39042675,2.775e-05,8.2770725,101.17922,689.18198925,1795.76873525,0.0,0.0,7019.195,1795.76873525,7019.195,-5223.42626475
2026-02-15 14:00:00+00:00,0.3,0.439999,987.251264,0.0,10.78528575,78.980969,743.127968,1820.88548575,0.0,0.0,6984.57,1820.88548575,6984.57,-5163.68451425
2026-02-15 15:00:00+00:00,0.3,0.439999,995.49264225,0.0,12.93171525,62.08673575,859.058936,1930.31002825,0.0,0.0,7011.8025,1930.31002825,7011.8025,-5081.49247175
2026-02-15 16:00:00+00:00,0.3,0.439999,992.18291125,0.0,12.8569385,51.4002415,891.64058175,1948.8206719999998,0.0,0.0,7024.2775,1948.8206719999998,7024.2775,-5075.456828
2026-02-15 17:00:00+00:00,0.3,0.439999,990.099813,0.0,12.643867499999999,55.7992495,885.7014415,1944.9843705000003,0.0,0.0,6993.655,1944.9843705000003,6993.655,-5048.670629499999
2026-02-15 18:00:00+00:00,0.3,0.439999,987.0850015,0.0,12.946061,68.64062475,838.179046,1907.59073225,0.0,0.0,6906.3475,1907.59073225,6906.3475,-4998.75676775
2026-02-15 19:00:00+00:00,0.3,0.439999,979.998337,0.0,13.89511525,79.65240475,820.1733845,1894.4592404999999,0.0,0.0,6831.85,1894.4592404999999,6831.85,-4937.3907595
2026-02-15 20:00:00+00:00,0.2000555,0.439999,985.2363585,0.0,13.30529725,78.80964825000001,811.24953525,1889.24089375,0.0,0.0,6713.0725,1889.24089375,6713.0725,-4823.83160625
2026-02-15 21:00:00+00:00,0.29994425,0.439999,973.81341375,0.0,14.35043925,58.717246249999995,712.2375207499999,1759.8585632499999,0.0,0.0,6491.255,1759.8585632499999,6491.255,-4731.39643675
2026-02-15 22:00:00+00:00,0.2000555,0.439999,973.1248805,0.0,14.99887075,58.076314249999996,685.9939125,1732.8340325,0.0,0.0,6265.6775,1732.8340325,6265.6775,-4532.8434675
2026-02-15 23:00:00+00:00,0.2,0.439999,971.603935,0.0,15.0223795,56.388898,588.44784175,1632.10305325,0.0,0.0,6066.6475,1632.10305325,6066.6475,-4434.54444675
2026-02-16 00:00:00+00:00,0.2,0.439999,966.174181,0.0,14.60699775,60.180417750000004,553.72167325,1595.32326875,0.0,0.0,5936.9574999999995,1595.32326875,5936.9574999999995,-4341.63423125
2026-02-16 01:00:00+00:00,0.2,0.439999,960.101772,0.0,14.83707775,45.4690505,575.574065,1596.62196425,0.0,0.0,5839.4375,1596.62196425,5839.4375,-4242.81553575
2026-02-16 02:00:00+00:00,0.2,0.439999,966.5721865,0.0,14.7263425,34.341303,549.04728675,1565.32711775,0.0,0.0,5781.68,1565.32711775,5781.68,-4216.35288225
2026-02-16 03:00:00+00:00,0.2,0.439999,975.907052,0.0,15.08357225,40.85810325,629.3667765,1661.855503,0.0,0.0,5786.385,1661.855503,5786.385,-4124.529497
2026-02-16 04:00:00+00:00,0.2,0.439999,961.00372325,0.0,16.13247,35.30800075,675.99507125,1689.07926425,0.0,0.0,5912.9825,1689.07926425,5912.9825,-4223.90323575
2026-02-16 05:00:00+00:00,0.2,0.439999,970.59448925,0.0,17.4022515,32.47553,612.5104347500001,1633.6227045,0.0,0.0,6375.2175,1633.6227045,6375.2175,-4741.594795499999
2026-02-16 06:00:00+00:00,0.2,0.439999,970.45156175,0.0,16.513288,38.24783025,893.16967275,1919.02235175,0.0,0.0,6885.3099999999995,1919.02235175,6885.3099999999995,-4966.28764825
2026-02-16 07:00:00+00:00,0.2,0.439999,968.61330625,0.0,14.30637375,31.04841675,949.093618,1963.7017137500002,0.0,0.0,7052.52,1963.7017137500002,7052.52,-5088.81828625
2026-02-16 08:00:00+00:00,0.2,0.439999,962.39663375,0.0,8.996694250000001,31.785438,985.6699485,1989.4887135,0.0,0.0,7083.360000000001,1989.4887135,7083.360000000001,-5093.871286500001
2026-02-16 09:00:00+00:00,0.2,0.439999,965.6782765,0.33220375,7.44421125,39.58460425,993.33992975,2007.0192244999998,0.0,0.0,7059.8,2007.0192244999998,7059.8,-5052.7807755
2026-02-16 10:00:00+00:00,0.2,0.439999,968.08218025,0.32256425,7.7954550000000005,36.41626275,935.3278102500001,1948.5842714999999,0.0,0.0,7027.775,1948.5842714999999,7027.775,-5079.1907285
2026-02-16 11:00:00+00:00,0.2,0.439999,961.43066075,0.43278625,7.82706125,28.84499325,842.3733864999999,1841.548887,0.0,0.0,6990.6375,1841.548887,6990.6375,-5149.088613
2026-02-16 12:00:00+00:00,0.2,0.439999,959.94297825,0.41416125000000004,8.14922325,24.65262925,934.06560225,1927.8645932499999,0.0,0.0,6955.6825,1927.8645932499999,6955.6825,-5027.8179067500005
2026-02-16 13:00:00+00:00,0.2,0.439999,966.4824775,0.39412325000000004,8.4621345,25.8893555,1011.41835425,2013.2864439999998,0.0,0.0,6922.225,2013.2864439999998,6922.225,-4908.938556000001
2026-02-16 14:00:00+00:00,0.2,0.439999,974.226584,0.0011255,8.708397,32.910118749999995,982.4117249999999,1998.8979492499998,0.0,0.0,6962.59,1998.8979492499998,6962.59,-4963.69205075
2026-02-16 15:00:00+00:00,0.2,0.439999,990.44678,0.0,7.93913125,38.10986975,1084.8581905,2121.9939704999997,0.0,0.0,7024.3375,2121.9939704999997,7024.3375,-4902.3435295
2026-02-16 16:00:00+00:00,0.2,0.439999,994.8123555,0.0,6.728733,56.96365025,1166.42639525,2225.571133,0.0,0.0,7096.775000000001,2225.571133,7096.775000000001,-4871.203867
2026-02-16 17:00:00+00:00,0.2,0.439999,1000.859187,0.0,5.32587925,77.2633875,1210.86750875,2294.9559615,0.0,0.0,7007.1725,2294.9559615,7007.1725,-4712.2165385
2026-02-16 18:00:00+00:00,0.2,0.439999,1004.1377725,0.0,5.46656525,79.942482,1168.032216,2258.21903475,0.0,0.0,6912.9775,2258.21903475,6912.9775,-4654.75846525
2026-02-16 19:00:00+00:00,0.2,0.439999,1004.7568805,0.0,6.58440525,87.46569275,1102.240981,2201.6879584999997,0.0,0.0,6883.6175,2201.6879584999997,6883.6175,-4681.929541500001
2026-02-16 20:00:00+00:00,0.2,0.439999,1005.61488275,0.0,6.9048295,88.72321149999999,1070.47763125,2172.360554,0.0,0.0,6743.8099999999995,2172.360554,6743.8099999999995,-4571.449446
2026-02-16 21:00:00+00:00,0.2,0.439999,1013.3246409999999,0.0,7.3258835,84.86950350000001,1050.31337925,2156.47340625,0.0,0.0,6565.655,2156.47340625,6565.655,-4409.18159375
2026-02-16 22:00:00+00:00,0.2,0.439999,1001.76089925,0.0,7.609255,92.3995005,914.42505225,2016.834706,0.0,0.0,6368.0175,2016.834706,6368.0175,-4351.182794
2026-02-16 23:00:00+00:00,0.2,0.439999,991.36334875,0.0,7.76497825,98.5784095,596.359282,1694.7060175000001,0.0,0.0,6171.3125,1694.7060175000001,6171.3125,-4476.606482499999
2026-02-17 00:00:00+00:00,0.2,0.439999,988.39160325,0.0,8.646044,80.78972625,566.837986,1645.3053585,0.0,0.0,6056.1875,1645.3053585,6056.1875,-4410.8821415
2026-02-17 01:00:00+00:00,0.2,0.439999,990.5402780000001,0.0,8.5602025,59.7879855,588.5249235,1648.0533885,0.0,0.0,5960.6224999999995,1648.0533885,5960.6224999999995,-4312.569111499999
2026-02-17 02:00:00+00:00,0.2,0.439999,992.48864975,0.0,9.549842250000001,52.416272500000005,591.666955,1646.7617185,0.0,0.0,5927.485000000001,1646.7617185,5927.485000000001,-4280.723281500001
2026-02-17 03:00:00+00:00,0.2,0.439999,989.28432575,0.0,8.64477375,49.66520075,565.05180275,1613.286102,0.0,0.0,5936.2474999999995,1613.286102,5936.2474999999995,-4322.9613979999995
2026-02-17 04:00:00+00:00,0.2,0.439999,982.38556625,0.0,9.7250675,45.34316475,667.299131,1705.3929285,0.0,0.0,6043.6975,1705.3929285,6043.6975,-4338.304571500001
2026-02-17 05:00:00+00:00,0.2,0.439999,976.5630120000001,0.0,10.8305855,40.984824,758.47480925,1787.49322975,0.0,0.0,6517.425,1787.49322975,6517.425,-4729.93177025
2026-02-17 06:00:00+00:00,0.2,0.439999,968.6759605,0.0,9.825834,38.95179,823.63503625,1841.7286197499998,0.0,0.0,6997.3575,1841.7286197499998,6997.3575,-5155.62888025
2026-02-17 07:00:00+00:00,0.2,0.439999,968.75429525,0.0,8.90050125,40.891802999999996,905.6752994999999,1924.861898,0.0,0.0,7179.735000000001,1924.861898,7179.735000000001,-5254.8731020000005
2026-02-17 08:00:00+00:00,0.2,0.439999,964.09801525,0.0,7.976585249999999,39.658184750000004,884.57206875,1896.944853,0.0,0.0,7185.7275,1896.944853,7185.7275,-5288.782647
2026-02-17 09:00:00+00:00,0.2,0.439999,959.80601975,0.19511075,6.9627845,25.93280625,847.3591847499999,1840.8959049999999,0.0,0.0,7105.8675,1840.8959049999999,7105.8675,-5264.971595000001
2026-02-17 10:00:00+00:00,0.2,0.439999,971.478615,0.19125324999999999,7.53479225,21.5026115,916.22827775,1917.57554875,0.0,0.0,6972.5025,1917.57554875,6972.5025,-5054.92695125
2026-02-17 11:00:00+00:00,0.2,0.439999,962.3717449999999,0.34154375000000003,10.768579,20.94131025,765.04292975,1760.10610675,0.0,0.0,6858.5225,1760.10610675,6858.5225,-5098.41639325
2026-02-17 12:00:00+00:00,0.2,0.439999,960.58466775,0.3724865,12.67008825,26.20598125,783.814991,1784.28821375,0.0,0.0,6784.535,1784.28821375,6784.535,-5000.24678625
2026-02-17 13:00:00+00:00,0.2,0.439999,965.56783675,0.349019,13.1143845,33.58289325,756.75413925,1770.00827175,0.0,0.0,6741.1925,1770.00827175,6741.1925,-4971.18422825
2026-02-17 14:00:00+00:00,0.2,0.439999,959.27384825,0.00075525,13.9991365,25.369676,798.0618274999999,1797.3452425,0.0,0.0,6742.8525,1797.3452425,6742.8525,-4945.5072574999995
2026-02-17 15:00:00+00:00,0.2,0.439999,976.3705765,0.0,12.73770075,25.534458,912.88117675,1928.163911,0.0,0.0,6867.7075,1928.163911,6867.7075,-4939.543589000001
2026-02-17 16:00:00+00:00,0.2,0.439999,973.46555975,0.0,12.021923000000001,38.246393749999996,1010.78485275,2035.15872825,0.0,0.0,6859.5075,2035.15872825,6859.5075,-4824.348771749999
2026-02-17 17:00:00+00:00,0.2,0.439999,986.861685,0.0,10.83930375,33.47362475,1170.326392,2202.1410045,0.0,0.0,6837.5675,2202.1410045,6837.5675,-4635.4264955
2026-02-17 18:00:00+00:00,0.2,0.439999,985.45976275,0.0,11.202782,29.6548165,1163.2667784999999,2190.22413875,0.0,0.0,6817.96,2190.22413875,6817.96,-4627.73586125
2026-02-17 19:00:00+00:00,0.2,0.439999,981.7654045,0.0,11.691666000000001,23.2640195,1075.1980792499999,2092.55916825,0.0,0.0,6883.112499999999,2092.55916825,6883.112499999999,-4790.553331749999
2026-02-17 20:00:00+00:00,0.2,0.439999,978.4965905,0.0,12.865770000000001,15.95336,973.6792164999999,1981.634936,0.0,0.0,6834.875,1981.634936,6834.875,-4853.240064
2026-02-17 21:00:00+00:00,0.2,0.439999,973.26835575,0.0,13.28265,24.74976625,853.8970525,1865.8378235,0.0,0.0,6723.755,1865.8378235,6723.755,-4857.9171765
2026-02-17 22:00:00+00:00,0.2,0.439999,967.60934825,0.0,8.694117,21.16292425,749.046565,1747.1529535,0.0,0.0,6484.42,1747.1529535,6484.42,-4737.2670465
2026-02-17 23:00:00+00:00,0.2,0.439999,979.63858425,0.0,8.87312025,9.934642,862.72402675,1861.81037225,0.0,0.0,6232.6975,1861.81037225,6232.6975,-4370.88712775
2026-02-18 00:00:00+00:00,0.2,0.439999,978.38731525,0.0,8.73534425,1.16265775,944.0837690000001,1933.0090852500002,0.0,0.0,6102.95,1933.0090852500002,6102.95,-4169.940914749999
2026-02-18 01:00:00+00:00,0.2,0.439999,982.1497695,0.0,9.07028925,0.190982,955.37187325,1947.4229129999999,0.0,0.0,6024.8150000000005,1947.4229129999999,6024.8150000000005,-4077.3920870000006
2026-02-18 02:00:00+00:00,0.2,0.439999,986.61884,0.0,10.22730625,0.6953545,931.33411225,1929.515612,0.0,0.0,5969.2125,1929.515612,5969.2125,-4039.6968879999995
2026-02-18 03:00:00+00:00,0.2,0.439999,985.5401025,0.0,9.83335375,0.0,889.26037475,1885.27383,0.0,0.0,5953.6825,1885.27383,5953.6825,-4068.40867
2026-02-18 04:00:00+00:00,0.2,0.439999,992.0989555,0.0,9.98933425,0.0,884.0463627500001,1886.7746515,0.0,0.0,6062.63,1886.7746515,6062.63,-4175.8553485
2026-02-18 05:00:00+00:00,0.2,0.439999,1000.88668975,0.0,14.13174325,0.0,1027.6541144999999,2043.3125464999998,0.0,0.0,6403.6125,2043.3125464999998,6403.6125,-4360.2999535
2026-02-18 06:00:00+00:00,0.2,0.439999,1020.721553,0.0,14.844845,0.0,1079.67133125,2115.87772825,0.0,0.0,6875.3825,2115.87772825,6875.3825,-4759.50477175
2026-02-18 07:00:00+00:00,0.2,0.439999,1017.02305025,0.0,13.74215025,0.0,1064.25973175,2095.66493125,0.0,0.0,7030.3125,2095.66493125,7030.3125,-4934.647568750001
2026-02-18 08:00:00+00:00,0.2,0.439999,1018.3443295,0.0,12.739117,0.0,1031.9523414999999,2063.675787,0.0,0.0,7050.5325,2063.675787,7050.5325,-4986.856713
2026-02-18 09:00:00+00:00,0.2,0.439999,1008.8817815,0.31944425,12.713295,0.0,892.80324975,1915.3577695,0.0,0.0,6930.695,1915.3577695,6930.695,-5015.337230499999
2026-02-18 10:00:00+00:00,0.2,0.439999,1007.4074885,0.1,12.86605975,0.0,806.024415,1827.03796225,0.0,0.0,6738.2375,1827.03796225,6738.2375,-4911.199537750001
2026-02-18 11:00:00+00:00,0.2,0.439999,1000.81386475,0.14467225,13.257954250000001,0.0,739.0144359999999,1753.87092625,0.0,0.0,6570.1175,1753.87092625,6570.1175,-4816.246573750001
2026-02-18 12:00:00+00:00,0.2,0.439999,1012.588981,0.11519975,12.5094435,0.0155715,732.806005,1758.67519975,0.0,0.0,6502.610000000001,1758.67519975,6502.610000000001,-4743.934800250001
2026-02-18 13:00:00+00:00,0.2,0.439999,1011.2156269999999,0.5642115,12.39657375,1.291011,749.5547465,1775.6621687499999,0.0,0.0,6496.3275,1775.6621687499999,6496.3275,-4720.66533125
2026-02-18 14:00:00+00:00,0.2,0.439999,1009.93060725,0.05168525,11.89905825,4.60558875,777.227801,1804.3547395,0.0,0.0,6573.335,1804.3547395,6573.335,-4768.9802605
2026-02-18 15:00:00+00:00,0.2,0.439999,1015.4168455,0.0,11.59912675,0.8258875,915.4882964999999,1943.9701552499998,0.0,0.0,6750.5375,1943.9701552499998,6750.5375,-4806.56734475
2026-02-18 16:00:00+00:00,0.2,0.439999,1017.97073525,0.0,10.82563225,1.1331,1054.52586975,2085.09533625,0.0,0.0,6918.2775,2085.09533625,6918.2775,-4833.18216375
2026-02-18 17:00:00+00:00,0.2,0.439999,1015.7461415,0.0,9.960656,2.7620839999999998,999.369548,2028.4784285,0.0,0.0,6953.9825,2028.4784285,6953.9825,-4925.5040715
2026-02-18 18:00:00+00:00,0.2,0.439999,1015.0010995,0.0,10.03704075,11.67395475,938.02062075,1975.37271475,0.0,0.0,6947.3775000000005,1975.37271475,6947.3775000000005,-4972.004785250001
2026-02-18 19:00:00+00:00,0.2,0.439999,1013.442957,0.0,11.201202,17.850524,907.57684925,1950.71153125,0.0,0.0,6945.4325,1950.71153125,6945.4325,-4994.72096875
2026-02-18 20:00:00+00:00,0.2,0.439999,1009.52057775,0.0,12.682934,15.103623,925.833345,1963.7804787500002,0.0,0.0,7021.9825,1963.7804787500002,7021.9825,-5058.20202125
2026-02-18 21:00:00+00:00,0.2,0.439999,1016.00498775,0.0,12.373512250000001,23.922531,961.7159805,2014.6570105,0.0,0.0,6935.014999999999,2014.6570105,6935.014999999999,-4920.357989499999
2026-02-18 22:00:00+00:00,0.2,0.439999,1016.57547075,0.0,12.6729515,22.784361,979.8418605,2032.51464275,0.0,0.0,6698.3,2032.51464275,6698.3,-4665.785357250001
2026-02-18 23:00:00+00:00,0.2,0.439999,1017.51002075,0.0,12.206777500000001,15.14342075,760.4560485,1805.9562664999999,0.0,0.0,6540.389999999999,1805.9562664999999,6540.389999999999,-4734.4337335
2026-02-19 00:00:00+00:00,0.2,0.439999,1012.05812825,0.0,12.21744425,15.223181,758.25914975,1798.39790225,0.0,0.0,6411.9175,1798.39790225,6411.9175,-4613.51959775
2026-02-19 01:00:00+00:00,0.2,0.439999,1010.88235775,0.0,12.958469,32.0207665,749.17461425,1805.6762064999998,0.0,0.0,6341.702499999999,1805.6762064999998,6341.702499999999,-4536.026293499999
2026-02-19 02:00:00+00:00,0.2,0.439999,1012.2616439999999,0.0,14.217729,26.381790000000002,729.60292975,1783.10409175,0.0,0.0,6317.02,1783.10409175,6317.02,-4533.915908250001
2026-02-19 03:00:00+00:00,0.2,0.439999,1017.9127175,0.0,13.409313749999999,26.07444125,732.2711750000001,1790.3076465000001,0.0,0.0,6356.672500000001,1790.3076465000001,6356.672500000001,-4566.3648535
2026-02-19 04:00:00+00:00,0.2,0.439999,1023.10788725,0.0,13.240051000000001,17.860592750000002,804.04787675,1858.89640675,0.0,0.0,6487.555,1858.89640675,6487.555,-4628.65859325
2026-02-19 05:00:00+00:00,0.2,0.439999,1025.5010602500001,0.0,12.466170250000001,10.90972975,883.61864025,1933.1355995000001,0.0,0.0,6782.3724999999995,1933.1355995000001,6782.3724999999995,-4849.236900499999
2026-02-19 06:00:00+00:00,0.2,0.439999,1029.22538775,0.0,12.98192175,16.5667795,1060.7860845,2120.2001725,0.0,0.0,7253.93,2120.2001725,7253.93,-5133.7298275
2026-02-19 07:00:00+00:00,0.299722,0.439999,1037.007107,0.0,12.784756250000001,19.5018245,1130.33060575,2200.3640145,0.0,0.0,7399.64,2200.3640145,7399.64,-5199.2759855
2026-02-19 08:00:00+00:00,0.3,0.439999,1033.38052175,0.13893525,12.06979025,12.57778375,951.260004,2010.167034,0.0,0.0,7350.59,2010.167034,7350.59,-5340.422966
2026-02-19 09:00:00+00:00,0.20027775,0.439999,1032.59176975,0.402187,11.650090500000001,10.94042075,875.8705092499999,1932.0952539999998,0.0,0.0,7186.985,1932.0952539999998,7186.985,-5254.889746
2026-02-19 10:00:00+00:00,0.29974999999999996,0.439999,1034.22816775,0.11787775,11.8943955,15.642358250000001,927.38849425,1990.0110424999998,0.0,0.0,7002.615,1990.0110424999998,7002.615,-5012.6039574999995
2026-02-19 11:00:00+00:00,0.20033325000000002,0.439999,1043.13472025,0.7189445,11.98083575,15.07173575,895.292242,1966.8388105000001,0.0,0.0,6996.6425,1966.8388105000001,6996.6425,-5029.8036895
2026-02-19 12:00:00+00:00,0.29974999999999996,0.439999,1044.87479125,0.45646925,12.231411,15.229780250000001,889.146514,1962.6787147500002,0.0,0.0,6974.075,1962.6787147500002,6974.075,-5011.39628525
2026-02-19 13:00:00+00:00,0.20019425000000002,0.439999,1044.99704225,1.0436145,12.2312915,8.63722475,888.1532465,1955.7026127500003,0.0,0.0,6908.1175,1955.7026127500003,6908.1175,-4952.41488725
2026-02-19 14:00:00+00:00,0.29974999999999996,0.439999,1047.3577707499999,0.056495,12.645064,6.18889875,882.05005225,1949.03802975,0.0,0.0,6917.6675,1949.03802975,6917.6675,-4968.62947025
2026-02-19 15:00:00+00:00,0.20019425000000002,0.439999,1043.122973,0.0,12.001134,30.557849500000003,917.9351785,2004.2573282500002,0.0,0.0,6815.4425,2004.2573282500002,6815.4425,-4811.185171749999
2026-02-19 16:00:00+00:00,0.29974999999999996,0.439999,1046.40777825,0.0,10.95399475,44.3686755,952.62816875,2055.0983662500003,0.0,0.0,7000.535,2055.0983662500003,7000.535,-4945.43663375
2026-02-19 17:00:00+00:00,0.3,0.439999,1053.58147925,0.0,10.209366750000001,64.3316465,1074.3150665,2203.1775580000003,0.0,0.0,7039.6,2203.1775580000003,7039.6,-4836.422442
2026-02-19 18:00:00+00:00,0.20019425000000002,0.439999,1067.92102725,0.0,9.74723625,65.48568850000001,1153.7163934999999,2297.51053875,0.0,0.0,7060.9349999999995,2297.51053875,7060.9349999999995,-4763.42446125
2026-02-19 19:00:00+00:00,0.2,0.439999,1054.55226225,0.0,10.7936435,94.20693875,1009.089516,2169.2823595,0.0,0.0,7034.885,2169.2823595,7034.885,-4865.6026405
2026-02-19 20:00:00+00:00,0.2,0.439999,1058.95301,0.0,9.562903,139.47625,981.068162,2189.700324,0.0,0.0,6947.96,2189.700324,6947.96,-4758.259676
2026-02-19 21:00:00+00:00,0.2,0.439999,1047.39032675,0.0,6.4642175,165.6922805,884.03742975,2104.2242534999996,0.0,0.0,6790.9974999999995,2104.2242534999996,6790.9974999999995,-4686.7732465
2026-02-19 22:00:00+00:00,0.2,0.439999,1046.40838325,0.0,6.59527325,190.86240875,749.40212225,1993.9081865,0.0,0.0,6574.2875,1993.9081865,6574.2875,-4580.3793135000005
2026-02-19 23:00:00+00:00,0.2998055,0.439999,1035.091679,0.0,6.8867715,192.11004475,798.64996025,2033.47826,0.0,0.0,6333.6475,2033.47826,6333.6475,-4300.16924
2026-02-20 00:00:00+00:00,0.3,0.439999,1034.5949695,0.0,6.634847,246.31212025000002,788.1226055,2076.40454125,0.0,0.0,6163.59,2076.40454125,6163.59,-4087.18545875
2026-02-20 01:00:00+00:00,0.20025,0.439999,1034.7382355,0.0,6.9874915,282.360788,731.717301,2056.444065,0.0,0.0,6046.1775,2056.444065,6046.1775,-3989.7334349999996
2026-02-20 02:00:00+00:00,0.299722,0.439999,1032.424856,0.0,8.252259500000001,290.70055149999996,763.66923975,2095.78662775,0.0,0.0,5946.3099999999995,2095.78662775,5946.3099999999995,-3850.5233722499993
2026-02-20 03:00:00+00:00,0.20025,0.439999,1026.7116839999999,0.0,11.68815825,292.15945075,776.893114,2108.092656,0.0,0.0,5909.8099999999995,2108.092656,5909.8099999999995,-3801.7173439999997
2026-02-20 04:00:00+00:00,0.2998055,0.439999,1025.9311,0.0,13.88774625,281.393275,737.0768255,2059.02875125,0.0,0.0,6056.14,2059.02875125,6056.14,-3997.1112487500004
2026-02-20 05:00:00+00:00,0.20025,0.439999,1027.77159975,0.0,14.67338375,308.62845875,893.45770275,2245.171394,0.0,0.0,6467.3575,2245.171394,6467.3575,-4222.186106
2026-02-20 06:00:00+00:00,0.2,0.439999,1029.81062575,0.0,13.9236685,317.6752995,1008.849215,2370.89880775,0.0,0.0,6869.0475,2370.89880775,6869.0475,-4498.14869225
2026-02-20 07:00:00+00:00,0.29974999999999996,0.439999,1031.86381675,0.0,13.870651,325.10739925,1034.17525575,2405.75687175,0.0,0.0,6976.3425,2405.75687175,6976.3425,-4570.58562825
2026-02-20 08:00:00+00:00,0.3,0.439999,1031.59029725,0.11863850000000001,12.718784750000001,328.43808025,1074.705509,2448.3113087499996,0.0,0.0,7002.385,2448.3113087499996,7002.385,-4554.073691250001
2026-02-20 09:00:00+00:00,0.3,0.439999,1021.5565799999999,0.12785075,12.239976500000001,323.56306525,948.879726,2307.1071975,0.0,0.0,6886.9625,2307.1071975,6886.9625,-4579.8553025
2026-02-20 10:00:00+00:00,0.3,0.439999,1019.12972875,0.20678575,12.99229175,316.9649485,866.31396,2216.34771375,0.0,0.0,6714.035,2216.34771375,6714.035,-4497.68728625
2026-02-20 11:00:00+00:00,0.20019425000000002,0.439999,1024.40010025,0.39585125,12.79072575,320.682192,784.0895292499999,2142.99859175,0.0,0.0,6688.6325,2142.99859175,6688.6325,-4545.63390825
2026-02-20 12:00:00+00:00,0.2998055,0.439999,1028.08217175,0.3244165,12.38015775,315.42622625,834.0775195,2191.0302962500004,0.0,0.0,6683.9425,2191.0302962500004,6683.9425,-4492.91220375
2026-02-20 13:00:00+00:00,0.3,0.439999,1022.96959675,0.5369495,12.5430665,306.51888325000004,903.1883605,2246.4968555,0.0,0.0,6706.8775,2246.4968555,6706.8775,-4460.380644499999
2026-02-20 14:00:00+00:00,0.3,0.439999,1038.9002255,0.00079175,12.25090175,339.95618875,974.32287625,2366.170983,0.0,0.0,6777.55,2366.170983,6777.55,-4411.379017
2026-02-20 15:00:00+00:00,0.3,0.439999,1038.4249790000001,0.0,12.1467035,345.34058575,859.61059025,2256.2628575,0.0,0.0,6885.280000000001,2256.2628575,6885.280000000001,-4629.017142500001
2026-02-20 16:00:00+00:00,0.3,0.439999,1036.12255825,0.0,10.963795,346.97809825,900.09328075,2294.8977312499997,0.0,0.0,6812.9725,2294.8977312499997,6812.9725,-4518.074768750001
2026-02-20 17:00:00+00:00,0.3,0.439999,1032.03427325,0.0,10.75678225,334.471144,904.716099,2282.7182974999996,0.0,0.0,6689.3325,2282.7182974999996,6689.3325,-4406.614202500001
2026-02-20 18:00:00+00:00,0.3,0.439999,1026.3650175,0.0,11.9547855,339.58566575,808.1278972499999,2186.773365,0.0,0.0,6553.665,2186.773365,6553.665,-4366.891635
2026-02-20 19:00:00+00:00,0.3,0.439999,1028.288304,0.0,12.59075825,335.69453825,725.50235075,2102.81595025,0.0,0.0,6433.702499999999,2102.81595025,6433.702499999999,-4330.886549749999
2026-02-20 20:00:00+00:00,0.3,0.439999,1035.9924445000001,0.0,14.00652225,330.98779625,716.13315825,2097.85992025,0.0,0.0,6233.9400000000005,2097.85992025,6233.9400000000005,-4136.080079750001
2026-02-20 21:00:00+00:00,0.20019425000000002,0.439999,1026.7382305,0.0,13.53492825,325.0816495,712.0912845,2078.0862859999997,0.0,0.0,6043.1375,2078.0862859999997,6043.1375,-3965.051214
2026-02-20 22:00:00+00:00,0.29833325,0.439999,1019.26114025,0.0,13.995954,312.545569,705.5182052499999,2052.05920075,0.0,0.0,5845.985,2052.05920075,5845.985,-3793.9257992499997
2026-02-20 23:00:00+00:00,0.3,0.439999,1000.22044325,0.0,14.9358245,289.261209,607.8604867500001,1913.0179625,0.0,0.0,5695.145,1913.0179625,5695.145,-3782.1270375000004
2026-02-21 00:00:00+00:00,0.3,0.439999,999.8771745,0.0,14.212352,285.97339275,634.2354204999999,1935.0383387499999,0.0,0.0,5527.145,1935.0383387499999,5527.145,-3592.106661250001
2026-02-21 01:00:00+00:00,0.3,0.439999,993.087,0.0,14.903872,299.80722375,601.033763,1909.5718577500002,0.0,0.0,5381.4,1909.5718577500002,5381.4,-3471.8281422499995
2026-02-21 02:00:00+00:00,0.3,0.439999,985.52155375,0.0,16.45898275,293.298711,634.247343,1930.2665895,0.0,0.0,5271.2474999999995,1930.2665895,5271.2474999999995,-3340.9809104999995
2026-02-21 03:00:00+00:00,0.3,0.439999,982.84817425,0.0,15.918354,292.1083715,649.7005025,1941.31540125,0.0,0.0,5228.08,1941.31540125,5228.08,-3286.76459875
2026-02-21 04:00:00+00:00,0.3,0.439999,982.258416,0.0,16.62817825,285.6132575,635.97916375,1921.2190145,0.0,0.0,5212.3075,1921.2190145,5212.3075,-3291.0884855
2026-02-21 05:00:00+00:00,0.3,0.439999,989.7858745,0.0,18.39951475,246.14653125,618.79296975,1873.86488925,0.0,0.0,5287.015,1873.86488925,5287.015,-3413.1501107500003
2026-02-21 06:00:00+00:00,0.3,0.439999,980.77449975,0.0,19.65852975,189.98125125,579.7352960000001,1770.8895757500002,0.0,0.0,5417.0925,1770.8895757500002,5417.0925,-3646.2029242499993
2026-02-21 07:00:00+00:00,0.3,0.439999,984.013052,0.0,19.567684,150.49010125,783.449036,1938.25987225,0.0,0.0,5578.6275000000005,1938.25987225,5578.6275000000005,-3640.367627750001
2026-02-21 08:00:00+00:00,0.3,0.439999,984.51655325,0.379643,18.66625775,93.58676875,767.9344625,1865.82368425,0.0,0.0,5690.9225,1865.82368425,5690.9225,-3825.0988157499996
2026-02-21 09:00:00+00:00,0.3,0.439999,985.381577,0.46262424999999996,17.82636475,68.61437975,821.183829,1894.20877375,0.0,0.0,5752.005,1894.20877375,5752.005,-3857.79622625
2026-02-21 10:00:00+00:00,0.3,0.439999,995.941688,0.50836975,17.985671,49.212804,713.1241755,1777.51270725,0.0,0.0,5763.885,1777.51270725,5763.885,-3986.3722927500003
2026-02-21 11:00:00+00:00,0.3,0.439999,982.93529175,0.780339,17.87694675,63.596870499999994,636.24853975,1702.17798675,0.0,0.0,5718.795,1702.17798675,5718.795,-4016.61701325
2026-02-21 12:00:00+00:00,0.3,0.439999,982.5801405,0.6718845,18.05699525,95.4505265,714.8965005,1812.39604625,0.0,0.0,5608.025,1812.39604625,5608.025,-3795.6289537499997
2026-02-21 13:00:00+00:00,0.3,0.439999,981.6225555,0.458789,17.86428025,101.7349065,706.18701225,1808.6075425,0.0,0.0,5496.0875,1808.6075425,5496.0875,-3687.4799574999997
2026-02-21 14:00:00+00:00,0.3,0.439999,989.24463125,0.24362925000000002,18.08552225,146.61455325,733.4408975,1888.3692325000002,0.0,0.0,5426.6325,1888.3692325000002,5426.6325,-3538.2632674999995
2026-02-21 15:00:00+00:00,0.3,0.439999,988.610197,0.0005,16.7326535,166.19671725,911.41498175,2083.6950485,0.0,0.0,5475.7425,2083.6950485,5475.7425,-3392.0474515
2026-02-21 16:00:00+00:00,0.3,0.439999,992.50724975,0.0,15.7414625,253.08360125000002,1004.9209295,2266.993242,0.0,0.0,5706.7975,2266.993242,5706.7975,-3439.8042579999997
2026-02-21 17:00:00+00:00,0.3,0.439999,986.9235155,0.0,14.88758025,245.72819275,1033.277901,2281.5571885,0.0,0.0,5845.105,2281.5571885,5845.105,-3563.5478114999996
2026-02-21 18:00:00+00:00,0.3,0.439999,979.64263425,0.0,14.5492525,247.9905325,943.94149225,2186.8639105,0.0,0.0,5815.782499999999,2186.8639105,5815.782499999999,-3628.918589499999
2026-02-21 19:00:00+00:00,0.3,0.439999,979.8307912500001,0.0,15.663855,245.57830325,900.66114525,2142.47409375,0.0,0.0,5746.68,2142.47409375,5746.68,-3604.20590625
2026-02-21 20:00:00+00:00,0.3,0.439999,967.7085195,0.0,16.33742725,233.88981225,827.79838225,2046.4741402500001,0.0,0.0,5720.525,2046.4741402500001,5720.525,-3674.0508597499993
2026-02-21 21:00:00+00:00,0.3,0.439999,967.15108375,0.0,16.888557249999998,261.5489225,826.1818322500001,2072.51039475,0.0,0.0,5674.5925,2072.51039475,5674.5925,-3602.0821052499996
2026-02-21 22:00:00+00:00,0.3,0.439999,968.137965,0.0,16.6493845,273.20711,718.1996692499999,1976.93412775,0.0,0.0,5590.1,1976.93412775,5590.1,-3613.1658722500006
2026-02-21 23:00:00+00:00,0.3,0.439999,958.307716,0.0,16.9532015,227.506741,524.00329625,1727.51095375,0.0,0.0,5512.895,1727.51095375,5512.895,-3785.38404625
2026-02-22 00:00:00+00:00,0.3,0.439999,945.98250175,0.0,15.96834725,196.79434025,469.729081,1629.21426925,0.0,0.0,5423.110000000001,1629.21426925,5423.110000000001,-3793.8957307500004
2026-02-22 01:00:00+00:00,0.3,0.439999,947.52526975,0.0,15.99695475,180.02798075,424.28107775,1568.5712819999999,0.0,0.0,5382.8475,1568.5712819999999,5382.8475,-3814.276218
2026-02-22 02:00:00+00:00,0.3,0.439999,946.6681165,0.0,16.50404525,151.80384850000002,432.764058,1548.48006725,0.0,0.0,5396.1375,1548.48006725,5396.1375,-3847.6574327499998
2026-02-22 03:00:00+00:00,0.3,0.439999,940.59723675,0.0,15.5168085,101.092972,413.319425,1471.2664412499998,0.0,0.0,5507.53,1471.2664412499998,5507.53,-4036.26355875
2026-02-22 04:00:00+00:00,0.3,0.439999,946.65224475,0.0,16.69909375,66.888266,414.3522575,1445.331861,0.0,0.0,5618.672500000001,1445.331861,5618.672500000001,-4173.340639000001
2026-02-22 05:00:00+00:00,0.3,0.439999,944.86403225,0.0,18.0386535,39.073091000000005,432.18513475,1434.9009105,0.0,0.0,5761.7025,1434.9009105,5761.7025,-4326.801589500001
2026-02-22 06:00:00+00:00,0.2005,0.439999,945.08408925,0.0,19.43309975,33.5220605,482.02820675,1480.70795525,0.0,0.0,5877.82,1480.70795525,5877.82,-4397.11204475
2026-02-22 07:00:00+00:00,0.2,0.439999,938.8907017500001,0.0,19.798897750000002,4.37151975,507.20176375,1470.902882,0.0,0.0,6034.805,1470.902882,6034.805,-4563.902118
2026-02-22 08:00:00+00:00,0.2,0.439999,941.06415975,0.3863395,18.86433125,1.41052,684.51257275,1646.87792225,0.0,0.0,6164.6875,1646.87792225,6164.6875,-4517.80957775
2026-02-22 09:00:00+00:00,0.2,0.439999,950.87631375,0.5003575,18.45369175,8.85933525,658.56439975,1637.8940969999999,0.0,0.0,6173.7425,1637.8940969999999,6173.7425,-4535.848403
2026-02-22 10:00:00+00:00,0.2,0.439999,944.59843575,0.52779625,18.37970775,37.049934,668.45417475,1669.6500475,0.0,0.0,6073.2075,1669.6500475,6073.2075,-4403.5574525
2026-02-22 11:00:00+00:00,0.2,0.439999,948.7822932500001,0.57489725,18.34468275,50.1067285,637.70926725,1656.1578680000002,0.0,0.0,6010.585,1656.1578680000002,6010.585,-4354.427132
2026-02-22 12:00:00+00:00,0.2,0.439999,930.141962,0.589322,17.3558195,70.2088965,591.0587885,1609.9947875000003,0.0,0.0,6099.4425,1609.9947875000003,6099.4425,-4489.447712499999
2026-02-22 13:00:00+00:00,0.2996665,0.439999,938.136953,0.370185,17.449806,74.38335875,681.48328875,1712.5632569999998,0.0,0.0,6104.5575,1712.5632569999998,6104.5575,-4391.994243
2026-02-22 14:00:00+00:00,0.3,0.439999,953.7113625,0.32856575,16.74863725,66.5026445,782.437223,1820.4684320000001,0.0,0.0,6163.305,1820.4684320000001,6163.305,-4342.836568000001
2026-02-22 15:00:00+00:00,0.20019425000000002,0.439999,947.84928975,0.000616,15.27932625,56.9576845,642.9659535000001,1663.6930632500003,0.0,0.0,6267.22,1663.6930632500003,6267.22,-4603.5269367500005
2026-02-22 16:00:00+00:00,0.2,0.439999,948.58449075,0.0,15.44740975,64.50323,771.41433575,1800.5894652499999,0.0,0.0,6308.37,1800.5894652499999,6308.37,-4507.78053475
2026-02-22 17:00:00+00:00,0.2,0.439999,953.75474975,0.0,15.6907925,61.492798500000006,878.63004925,1910.208389,0.0,0.0,6319.19,1910.208389,6319.19,-4408.981610999999
2026-02-22 18:00:00+00:00,0.2,0.439999,950.239532,0.0,15.1298555,103.9141165,821.45585,1891.379353,0.0,0.0,6283.5175,1891.379353,6283.5175,-4392.138147
2026-02-22 19:00:00+00:00,0.2,0.439999,960.87684425,0.0,14.72080325,109.81458825,856.51844425,1942.570679,0.0,0.0,6186.632500000001,1942.570679,6186.632500000001,-4244.061821000001
2026-02-22 20:00:00+00:00,0.2998055,0.439999,954.9589277499999,0.0,15.00339875,153.9018335,854.58080175,1979.18476625,0.0,0.0,6071.16,1979.18476625,6071.16,-4091.97523375
2026-02-22 21:00:00+00:00,0.3,0.439999,949.43803325,0.0,15.304861500000001,193.38884050000001,790.1974635,1949.06919775,0.0,0.0,5959.67,1949.06919775,5959.67,-4010.60080225
2026-02-22 22:00:00+00:00,0.3,0.439999,952.11438675,0.0,14.8193255,182.895513,702.1402905,1852.70951475,0.0,0.0,5769.4475,1852.70951475,5769.4475,-3916.7379852500003
2026-02-22 23:00:00+00:00,0.3,0.439999,948.9386405,0.0,15.1545585,169.58534674999999,584.22880725,1718.647352,0.0,0.0,5599.6175,1718.647352,5599.6175,-3880.9701480000003
2026-02-23 00:00:00+00:00,0.3,0.439999,944.865842,0.0,15.3689125,139.401733,546.73492825,1647.1114147500002,0.0,0.0,5451.13,1647.1114147500002,5451.13,-3804.01858525
2026-02-23 01:00:00+00:00,0.20025,0.439999,947.16358975,0.0,16.227848,122.844634,517.30417125,1604.180492,0.0,0.0,5337.12,1604.180492,5337.12,-3732.939508
2026-02-23 02:00:00+00:00,0.2,0.439999,946.049479,0.0,17.028374499999998,90.20568275,503.03344975,1556.956985,0.0,0.0,5286.9425,1556.956985,5286.9425,-3729.9855150000003
2026-02-23 03:00:00+00:00,0.2,0.439999,947.2469525,0.0,16.8199805,74.899054,536.455327,1576.0613130000002,0.0,0.0,5315.307500000001,1576.0613130000002,5315.307500000001,-3739.2461870000006
2026-02-23 04:00:00+00:00,0.2,0.439999,947.15451475,0.0,17.60357575,62.494746750000004,537.292585,1565.1854212500002,0.0,0.0,5487.47,1565.1854212500002,5487.47,-3922.28457875
2026-02-23 05:00:00+00:00,0.2,0.439999,954.19893175,0.0,17.50491325,28.7882925,671.6825162499999,1672.8146527499998,0.0,0.0,5922.1075,1672.8146527499998,5922.1075,-4249.292847250001
2026-02-23 06:00:00+00:00,0.2,0.439999,962.35505575,0.0,16.1102775,21.314867749999998,956.27590075,1956.69610075,0.0,0.0,6393.355,1956.69610075,6393.355,-4436.65889925
2026-02-23 07:00:00+00:00,0.2,0.439999,941.76405975,0.0,15.530181500000001,12.73038925,948.32548725,1918.9901167500002,0.0,0.0,6466.282499999999,1918.9901167500002,6466.282499999999,-4547.292383249999
2026-02-23 08:00:00+00:00,0.2,0.439999,941.7973977500001,0.0909155,15.05481775,2.67931075,891.69792925,1851.9603700000002,0.0,0.0,6419.4375,1851.9603700000002,6419.4375,-4567.477129999999
2026-02-23 09:00:00+00:00,0.29974999999999996,0.439999,942.0399585,0.299608,13.50953925,0.0,847.44049475,1804.0293495,0.0,0.0,6342.3125,1804.0293495,6342.3125,-4538.2831504999995
2026-02-23 10:00:00+00:00,0.3,0.439999,946.34302775,0.48105875,15.2348345,0.0,776.4112165,1739.2101365,0.0,0.0,6291.6025,1739.2101365,6291.6025,-4552.3923635
2026-02-23 11:00:00+00:00,0.3,0.439999,945.34914975,0.5572170000000001,13.81556125,0.0,812.30433325,1772.76626025,0.0,0.0,6252.5725,1772.76626025,6252.5725,-4479.80623975
2026-02-23 12:00:00+00:00,0.3,0.439999,955.22468625,0.511801,15.38060325,0.0,720.918618,1692.7757075,0.0,0.0,6197.650000000001,1692.7757075,6197.650000000001,-4504.874292500001
2026-02-23 13:00:00+00:00,0.3,0.439999,962.51633825,0.26913675000000004,14.35252525,0.0,801.84170025,1779.7196995,0.0,0.0,6190.525,1779.7196995,6190.525,-4410.8053005
2026-02-23 14:00:00+00:00,0.3,0.439999,971.57445075,0.12227625,15.0954985,0.0,902.540294,1890.0725185000001,0.0,0.0,6185.16,1890.0725185000001,6185.16,-4295.0874815
2026-02-23 15:00:00+00:00,0.3,0.439999,983.79538825,5.55e-05,14.595969499999999,0.0,1039.40279975,2038.534212,0.0,0.0,6325.8775,2038.534212,6325.8775,-4287.343288
2026-02-23 16:00:00+00:00,0.3,0.439999,990.625736,0.0,13.43426,0.0,1065.2245795000001,2070.0245745,0.0,0.0,6320.45,2070.0245745,6320.45,-4250.4254255
2026-02-23 17:00:00+00:00,0.2000555,0.439999,992.20211175,0.0,12.08597,0.0,1073.5569245000002,2078.4850607500002,0.0,0.0,6263.8975,2078.4850607500002,6263.8975,-4185.41243925
2026-02-23 18:00:00+00:00,0.29988875,0.439999,990.48730725,0.0,11.9557095,0.49836125,1044.2145854999999,2047.8958512499999,0.0,0.0,6171.445,2047.8958512499999,6171.445,-4123.54914875
2026-02-23 19:00:00+00:00,0.3,0.439999,993.71661125,0.0,11.87276125,0.0,1005.3102805,2011.639652,0.0,0.0,6060.6225,2011.639652,6060.6225,-4048.9828480000006
2026-02-23 20:00:00+00:00,0.3,0.439999,993.646019,0.0,12.709809,0.0,929.87875775,1936.9745847499998,0.0,0.0,5895.395,1936.9745847499998,5895.395,-3958.4204152500006
2026-02-23 21:00:00+00:00,0.3,0.439999,993.540221,0.0,13.463315999999999,4.0276075,895.8048522500001,1907.57599575,0.0,0.0,5714.4825,1907.57599575,5714.4825,-3806.90650425
2026-02-23 22:00:00+00:00,0.3,0.439999,991.954678,0.0,14.72666875,19.53151175,816.10547925,1843.0583367499999,0.0,0.0,5505.89,1843.0583367499999,5505.89,-3662.8316632500005
2026-02-23 23:00:00+00:00,0.3,0.439999,971.739041,0.0,14.43653325,32.1166285,662.8519795,1681.88418125,0.0,0.0,5398.47,1681.88418125,5398.47,-3716.5858187500003
2026-02-24 00:00:00+00:00,0.3,0.439999,948.7587145,0.0,14.1251155,74.45317775000001,742.95182175,1781.0288285000001,0.0,0.0,5294.0075,1781.0288285000001,5294.0075,-3512.9786714999996
2026-02-24 01:00:00+00:00,0.3,0.439999,966.81139175,0.0,15.17862875,97.37642249999999,576.061739,1656.168181,0.0,0.0,5212.6975,1656.168181,5212.6975,-3556.529319
2026-02-24 02:00:00+00:00,0.3,0.439999,967.45737975,0.0,15.82710525,126.12082725,635.43223325,1745.5775445,0.0,0.0,5196.6375,1745.5775445,5196.6375,-3451.0599555
2026-02-24 03:00:00+00:00,0.3,0.439999,968.8411545,0.0,13.871486749999999,156.91539975,643.9502615,1784.3183015,0.0,0.0,5306.05,1784.3183015,5306.05,-3521.7316985
2026-02-24 04:00:00+00:00,0.3,0.439999,989.32376775,0.0,14.687574999999999,176.744119,791.70481475,1973.2002755,0.0,0.0,5540.4425,1973.2002755,5540.4425,-3567.2422245
2026-02-24 05:00:00+00:00,0.3,0.439999,975.2349045000001,0.0,15.748344,201.210883,919.7896577500001,2112.7237882500003,0.0,0.0,6010.1775,2112.7237882500003,6010.1775,-3897.4537117499995
2026-02-24 06:00:00+00:00,0.3,0.439999,990.67425125,0.0,15.46298925,218.44172550000002,994.2418665,2219.5608315,0.0,0.0,6376.3275,2219.5608315,6376.3275,-4156.7666685
2026-02-24 07:00:00+00:00,0.3,0.439999,975.00883175,0.0,14.915166,231.36481974999998,947.53506275,2169.56387925,0.0,0.0,6495.0375,2169.56387925,6495.0375,-4325.473620750001
2026-02-24 08:00:00+00:00,0.3,0.439999,978.4102917499999,0.0633695,13.93079,198.8461145,907.8234165,2099.81398125,0.0,0.0,6377.07,2099.81398125,6377.07,-4277.25601875
2026-02-24 09:00:00+00:00,0.3,0.439999,970.31144425,0.306568,13.99369225,148.0199835,917.5387599999999,2050.910447,0.0,0.0,6153.955,2050.910447,6153.955,-4103.044553
2026-02-24 10:00:00+00:00,0.3,0.439999,967.1779645,0.335621,13.7335005,78.6532595,845.6447505,1906.2850950000002,0.0,0.0,5987.1525,1906.2850950000002,5987.1525,-4080.867405
2026-02-24 11:00:00+00:00,0.3,0.439999,968.7555485,0.38167925,14.4263625,53.804505999999996,823.633741,1861.7418362500002,0.0,0.0,5882.3075,1861.7418362500002,5882.3075,-4020.5656637499997
2026-02-24 12:00:00+00:00,0.2000555,0.439999,986.66572775,0.45996075000000003,13.82916675,52.56664625,830.17813475,1884.33969075,0.0,0.0,5833.86,1884.33969075,5833.86,-3949.5203092499996
2026-02-24 13:00:00+00:00,0.2,0.439999,982.1889165,0.22595775,13.45720675,64.78233675,877.731091,1939.02550775,0.0,0.0,5817.65,1939.02550775,5817.65,-3878.6244922499995
2026-02-24 14:00:00+00:00,0.2,0.439999,983.1192975,0.280697,13.5141565,51.080449,881.76387425,1930.3984732499998,0.0,0.0,5843.5,1930.3984732499998,5843.5,-3913.10152675
2026-02-24 15:00:00+00:00,0.2,0.439999,992.93181425,5.55e-05,11.84408375,33.274242,861.0381287499999,1899.72832325,0.0,0.0,5938.235000000001,1899.72832325,5938.235000000001,-4038.5066767500007
2026-02-24 16:00:00+00:00,0.2999165,0.439999,990.28760875,0.0,11.82638525,46.39386025,928.3392335,1977.5870032500002,0.0,0.0,6079.85,1977.5870032500002,6079.85,-4102.26299675
2026-02-24 17:00:00+00:00,0.3,0.439999,981.559256,0.0,10.42893275,58.2588975,880.81745925,1931.8045445,0.0,0.0,6111.4425,1931.8045445,6111.4425,-4179.6379555
2026-02-24 18:00:00+00:00,0.20016650000000002,0.439999,984.68960925,0.0,10.29569225,42.33213875,869.2187885,1907.1763942499997,0.0,0.0,6098.7775,1907.1763942499997,6098.7775,-4191.60110575
2026-02-24 19:00:00+00:00,0.2,0.439999,986.1413985,0.0,10.41611025,34.479038,872.10718775,1903.7837335,0.0,0.0,6070.0325,1903.7837335,6070.0325,-4166.248766500001
2026-02-24 20:00:00+00:00,0.2,0.439999,983.77898875,0.0,10.98606575,53.42573725,876.02701925,1924.85781,0.0,0.0,5946.8,1924.85781,5946.8,-4021.94219
2026-02-24 21:00:00+00:00,0.2999165,0.439999,986.7839142500001,0.0,10.95845975,55.195933,927.13033925,1980.80856175,0.0,0.0,5769.577499999999,1980.80856175,5769.577499999999,-3788.7689382499993
2026-02-24 22:00:00+00:00,0.3,0.439999,984.05212125,0.0,12.715045,58.567015500000004,920.7874945,1976.8616752500002,0.0,0.0,5524.6075,1976.8616752500002,5524.6075,-3547.74582475
2026-02-24 23:00:00+00:00,0.20008325000000002,0.439999,985.5452417500001,0.0,13.26964475,62.50167975000001,858.75385575,1920.71050425,0.0,0.0,5359.355,1920.71050425,5359.355,-3438.64449575
2026-02-25 00:00:00+00:00,0.2,0.439999,982.51340025,0.0,14.18675825,80.65347,869.279364,1947.2729915,0.0,0.0,5254.99,1947.2729915,5254.99,-3307.7170085
2026-02-25 01:00:00+00:00,0.2,0.439999,983.4185015,0.0,14.826364,111.9803205,863.20951325,1974.07469825,0.0,0.0,5172.62,1974.07469825,5172.62,-3198.54530175
2026-02-25 02:00:00+00:00,0.2,0.439999,980.93778075,0.0,15.30707175,142.17379175,816.3694795,1955.42812275,0.0,0.0,5140.4475,1955.42812275,5140.4475,-3185.01937725
2026-02-25 03:00:00+00:00,0.2,0.439999,982.88590075,0.0,14.14558225,188.125787,841.451673,2027.248942,0.0,0.0,5165.6475,2027.248942,5165.6475,-3138.398558
2026-02-25 04:00:00+00:00,0.2,0.439999,979.07021625,0.0,13.8398665,212.3934705,899.91934625,2105.8628985,0.0,0.0,5264.005,2105.8628985,5264.005,-3158.1421015
2026-02-25 05:00:00+00:00,0.2,0.439999,990.133506,0.0,15.83171975,226.44223125,868.793392,2101.840848,0.0,0.0,5628.8425,2101.840848,5628.8425,-3527.001652
2026-02-25 06:00:00+00:00,0.2,0.439999,986.80929175,0.0,15.01723775,245.61802475000002,1053.157068,2301.24162125,0.0,0.0,6127.0575,2301.24162125,6127.0575,-3825.8158787499997
2026-02-25 07:00:00+00:00,0.2,0.439999,975.984743,0.0,13.584154250000001,226.8812385,988.472301,2205.56243575,0.0,0.0,6225.4675,2205.56243575,6225.4675,-4019.9050642499997
2026-02-25 08:00:00+00:00,0.2,0.439999,965.7284885,0.18836175,12.61164075,233.59780725000002,846.19741775,2058.963715,0.0,0.0,6229.2875,2058.963715,6229.2875,-4170.3237850000005
2026-02-25 09:00:00+00:00,0.2,0.439999,964.4114015,0.39595925,12.445186249999999,245.2431005,798.58073425,2021.71638075,0.0,0.0,6252.67,2021.71638075,6252.67,-4230.95361925
2026-02-25 10:00:00+00:00,0.2,0.439999,956.632006,0.336137,13.97620225,231.531824,705.2195395,1908.33570775,0.0,0.0,6279.775,1908.33570775,6279.775,-4371.439292249999
2026-02-25 11:00:00+00:00,0.2,0.439999,955.21033025,0.3760565,13.31935225,196.013058,717.9996845000001,1883.5584804999999,0.0,0.0,6316.7275,1883.5584804999999,6316.7275,-4433.1690195
2026-02-25 12:00:00+00:00,0.2,0.439999,961.45605775,0.46533625,13.7401705,141.83649675,727.9282065,1846.0662667499998,0.0,0.0,6310.67,1846.0662667499998,6310.67,-4464.60373325
2026-02-25 13:00:00+00:00,0.2,0.439999,964.1646555,0.4831515,13.1609505,133.93426125,770.6270905,1883.01010825,0.0,0.0,6309.2375,1883.01010825,6309.2375,-4426.227391750001
2026-02-25 14:00:00+00:00,0.2,0.439999,964.09310725,0.2241535,13.842191,114.630925,829.0732395,1922.50361525,0.0,0.0,6261.1125,1922.50361525,6261.1125,-4338.6088847500005
2026-02-25 15:00:00+00:00,0.2,0.439999,971.66671675,0.000696,11.828605750000001,75.1868575,987.034225,2046.3570999999997,0.0,0.0,6293.255,2046.3570999999997,6293.255,-4246.8979
2026-02-25 16:00:00+00:00,0.2,0.439999,981.20262,0.0,11.69117475,61.4487845,1048.54327025,2103.5258485,0.0,0.0,6305.55,2103.5258485,6305.55,-4202.0241515
2026-02-25 17:00:00+00:00,0.2,0.439999,985.8160405,0.0,11.08596975,47.61729675,983.04060325,2028.19990925,0.0,0.0,6223.745,2028.19990925,6223.745,-4195.54509075
2026-02-25 18:00:00+00:00,0.2,0.439999,982.1909825,0.0,10.34893925,49.27048975,1019.987474,2062.4378845,0.0,0.0,6109.635,2062.4378845,6109.635,-4047.1971155
2026-02-25 19:00:00+00:00,0.2,0.439999,987.02642925,0.0,12.628307,43.88116825,899.605485,1943.7813885,0.0,0.0,5989.0225,1943.7813885,5989.0225,-4045.2411115
2026-02-25 20:00:00+00:00,0.2,0.439999,979.8962967499999,0.0,13.1444995,31.375698999999997,866.270526,1891.32702025,0.0,0.0,5848.7375,1891.32702025,5848.7375,-3957.4104797500004
2026-02-25 21:00:00+00:00,0.2,0.439999,980.82542175,0.0,14.21674325,42.3444605,811.21733475,1849.24395925,0.0,0.0,5670.495,1849.24395925,5670.495,-3821.25104075
2026-02-25 22:00:00+00:00,0.2,0.439999,980.093845,0.0,14.2311485,53.69134,715.977706,1764.6340384999999,0.0,0.0,5416.8025,1764.6340384999999,5416.8025,-3652.1684615
2026-02-25 23:00:00+00:00,0.2,0.439999,975.1956064999999,0.0,14.88611975,72.8389305,690.2905880000001,1753.85124375,0.0,0.0,5160.3,1753.85124375,5160.3,-3406.44875625
2026-02-26 00:00:00+00:00,0.299722,0.439999,976.6899365,0.0,15.1791955,102.52051375,689.12671575,1784.2560825,0.0,0.0,5045.5625,1784.2560825,5045.5625,-3261.3064175
2026-02-26 01:00:00+00:00,0.3,0.439999,974.9101585,0.0,14.1085525,97.45441525,693.4177935,1780.6309187499999,0.0,0.0,4915.5599999999995,1780.6309187499999,4915.5599999999995,-3134.9290812499994
2026-02-26 02:00:00+00:00,0.3,0.439999,974.4943900000001,0.0,16.08142475,94.57459800000001,653.83484,1739.72525175,0.0,0.0,4823.855,1739.72525175,4823.855,-3084.1297482499995
2026-02-26 03:00:00+00:00,0.3,0.439999,970.5223325,0.0,17.611022,70.450231,650.04218225,1709.36576675,0.0,0.0,4819.4675,1709.36576675,4819.4675,-3110.1017332499996
2026-02-26 04:00:00+00:00,0.3,0.439999,963.91733475,0.0,17.2054015,57.06088225,712.40169075,1751.32530825,0.0,0.0,4952.8625,1751.32530825,4952.8625,-3201.53719175
2026-02-26 05:00:00+00:00,0.3,0.439999,971.82676975,0.0,15.890735500000002,58.19296775,821.7824085,1868.4328805,0.0,0.0,5345.235000000001,1868.4328805,5345.235000000001,-3476.8021195000006
2026-02-26 06:00:00+00:00,0.3,0.439999,975.781705,0.0,15.702176,62.446028,946.2878862499999,2000.95779425,0.0,0.0,5756.2725,2000.95779425,5756.2725,-3755.31470575
2026-02-26 07:00:00+00:00,0.3,0.439999,966.467652,0.0,15.28638925,65.99119375000001,892.41977425,1940.90500825,0.0,0.0,5869.905,1940.90500825,5869.905,-3928.99999175
2026-02-26 08:00:00+00:00,0.3,0.439999,960.92887525,0.30908175,14.29085025,67.87799625,911.99732425,1956.14412675,0.0,0.0,5891.28,1956.14412675,5891.28,-3935.13587325
2026-02-26 09:00:00+00:00,0.3,0.439999,961.37113875,0.414038,12.9438605,69.776675,895.952295,1941.1980062500002,0.0,0.0,5891.0325,1941.1980062500002,5891.0325,-3949.83449375
2026-02-26 10:00:00+00:00,0.3,0.439999,960.29856275,0.5118247499999999,12.31556625,137.973691,765.3660465,1877.2056902499999,0.0,0.0,5925.0825,1877.2056902499999,5925.0825,-4047.8768097500006
2026-02-26 11:00:00+00:00,0.3,0.439999,956.212357,0.64071625,12.5872595,169.5543845,653.984738,1793.7194542500001,0.0,0.0,5940.5625,1793.7194542500001,5940.5625,-4146.84304575
2026-02-26 12:00:00+00:00,0.3,0.439999,951.75264775,0.87949725,10.8528825,161.11594925,585.099551,1710.4405267500001,0.0,0.0,5827.885,1710.4405267500001,5827.885,-4117.44447325
2026-02-26 13:00:00+00:00,0.3,0.439999,946.2403382499999,0.955032,11.91247225,126.4209895,547.9133965,1634.1822275,0.0,0.0,5768.8875,1634.1822275,5768.8875,-4134.705272499999
2026-02-26 14:00:00+00:00,0.3,0.439999,955.315255,0.6401505000000001,13.9110845,130.00756175,642.087119,1742.70116975,0.0,0.0,5734.43,1742.70116975,5734.43,-3991.72883025
2026-02-26 15:00:00+00:00,0.3,0.439999,963.872181,0.07558875,12.423077249999999,111.36140449999999,854.93363075,1943.40588125,0.0,0.0,5775.9574999999995,1943.40588125,5775.9574999999995,-3832.5516187499998
2026-02-26 16:00:00+00:00,0.3,0.439999,964.6097345000001,0.0,11.428372750000001,124.91606300000001,924.68755275,2026.381722,0.0,0.0,5851.46,2026.381722,5851.46,-3825.078278
2026-02-26 17:00:00+00:00,0.3,0.439999,960.694879,0.0,10.67319175,158.3128775,884.427599,2014.8485462500003,0.0,0.0,5832.175,2014.8485462500003,5832.175,-3817.32645375
2026-02-26 18:00:00+00:00,0.3,0.439999,953.734961,0.0,10.638415250000001,193.60646125,747.13727075,1905.85710725,0.0,0.0,5729.9275,1905.85710725,5729.9275,-3824.07039275
2026-02-26 19:00:00+00:00,0.3,0.439999,951.8633385,0.0,11.39114075,222.4258285,758.5054205,1944.92572725,0.0,0.0,5631.955,1944.92572725,5631.955,-3687.02927275
2026-02-26 20:00:00+00:00,0.3,0.439999,953.9090737500001,0.0,12.08405,211.05320375,681.82394,1859.6102665,0.0,0.0,5501.01,1859.6102665,5501.01,-3641.3997335000004
2026-02-26 21:00:00+00:00,0.3,0.439999,953.56705375,0.0,12.629103,213.443208,608.6118165,1788.99118025,0.0,0.0,5333.9974999999995,1788.99118025,5333.9974999999995,-3545.0063197499994
2026-02-26 22:00:00+00:00,0.3,0.439999,949.25346675,0.0,12.7212395,242.72631825,570.7617025,1776.202726,0.0,0.0,5101.6975,1776.202726,5101.6975,-3325.4947740000002
2026-02-26 23:00:00+00:00,0.3,0.439999,949.1552225,0.0,12.02300325,291.23002925000003,544.58778,1797.736034,0.0,0.0,4888.18,1797.736034,4888.18,-3090.4439660000003
2026-02-27 00:00:00+00:00,0.3,0.439999,944.44771125,0.0,12.49785825,302.77133375,497.7712235,1758.22812575,0.0,0.0,4755.3025,1758.22812575,4755.3025,-2997.07437425
2026-02-27 01:00:00+00:00,0.3,0.439999,945.84704875,0.0,13.1338535,281.10080700000003,460.6085515,1701.43025975,0.0,0.0,4620.57,1701.43025975,4620.57,-2919.1397402499997
2026-02-27 02:00:00+00:00,0.3,0.439999,948.9184534999999,0.0,14.681582500000001,227.43456824999998,453.41693625,1645.1915394999999,0.0,0.0,4534.9325,1645.1915394999999,4534.9325,-2889.7409605000003
2026-02-27 03:00:00+00:00,0.3,0.439999,946.794714,0.0,13.182683,228.06329125,491.3980165,1680.17870375,0.0,0.0,4503.065,1680.17870375,4503.065,-2822.8862962499998
2026-02-27 04:00:00+00:00,0.2000555,0.439999,947.862602,0.0,14.2109095,228.09611425,546.426359,1737.23603925,0.0,0.0,4588.5725,1737.23603925,4588.5725,-2851.3364607500002
2026-02-27 05:00:00+00:00,0.2999165,0.439999,950.47404,0.0,13.6335545,224.1708745,575.0170845,1764.035469,0.0,0.0,5000.42,1764.035469,5000.42,-3236.384531
2026-02-27 06:00:00+00:00,0.3,0.439999,961.533949,0.0,14.54001125,226.76610725,782.812698,1986.3927645,0.0,0.0,5458.4825,1986.3927645,5458.4825,-3472.0897354999997
2026-02-27 07:00:00+00:00,0.3,0.439999,958.5844975,0.0499165,13.25515275,215.22828075,672.86591875,1860.72376525,0.0,0.0,5604.9325,1860.72376525,5604.9325,-3744.20873475
2026-02-27 08:00:00+00:00,0.3,0.439999,964.0809285,0.54949975,12.861628,199.95173,642.04265575,1820.226441,0.0,0.0,5634.0325,1820.226441,5634.0325,-3813.8060590000005
2026-02-27 09:00:00+00:00,0.3,0.439999,964.39746425,0.71524375,12.411735499999999,205.49457,660.2403865,1843.9993989999998,0.0,0.0,5573.6,1843.9993989999998,5573.6,-3729.6006010000006
2026-02-27 10:00:00+00:00,0.3,0.439999,963.387986,0.904034,13.791313,208.99295975,691.69526475,1879.5115564999999,0.0,0.0,5560.14,1879.5115564999999,5560.14,-3680.6284435000007
2026-02-27 11:00:00+00:00,0.3,0.439999,953.76435225,1.2536185,13.27791025,214.254335,619.8440222500001,1803.13423725,0.0,0.0,5486.625,1803.13423725,5486.625,-3683.4907627499997
2026-02-27 12:00:00+00:00,0.3,0.439999,975.3605002500001,1.22051125,13.32124425,208.196299,648.7114425,1847.54999625,0.0,0.0,5435.3150000000005,1847.54999625,5435.3150000000005,-3587.7650037500007
2026-02-27 13:00:00+00:00,0.3,0.439999,988.19207175,0.9797484999999999,12.470013,235.31868625,688.2524555,1925.952974,0.0,0.0,5388.2625,1925.952974,5388.2625,-3462.309526
2026-02-27 14:00:00+00:00,0.3,0.439999,990.91212375,0.6034105,13.198349499999999,180.59903450000002,742.787307,1928.8402242500001,0.0,0.0,5377.765,1928.8402242500001,5377.765,-3448.92477575
2026-02-27 15:00:00+00:00,0.3,0.439999,998.559723,0.07541650000000001,12.64171625,154.34388625,849.735177,2016.095918,0.0,0.0,5391.38,2016.095918,5391.38,-3375.284082
2026-02-27 16:00:00+00:00,0.3,0.439999,1000.25655225,0.0,11.0796875,175.59699,956.94176575,2144.6149944999997,0.0,0.0,5481.26,2144.6149944999997,5481.26,-3336.6450055000005
2026-02-27 17:00:00+00:00,0.3,0.439999,999.22394,0.0,11.63183925,152.185596,1032.63341425,2196.4147885,0.0,0.0,5552.71,2196.4147885,5552.71,-3356.2952115
2026-02-27 18:00:00+00:00,0.3,0.439999,996.04390325,0.0,10.51604325,232.07218725,938.670127,2178.04225975,0.0,0.0,5448.7825,2178.04225975,5448.7825,-3270.74024025
2026-02-27 19:00:00+00:00,0.3,0.439999,985.2973764999999,0.0,12.60742925,241.69168425,897.3414995,2137.6779885,0.0,0.0,5303.3675,2137.6779885,5303.3675,-3165.6895115
2026-02-27 20:00:00+00:00,0.3,0.439999,992.541416,0.0,13.53062125,199.993601,872.29854275,2079.1041800000003,0.0,0.0,5130.5650000000005,2079.1041800000003,5130.5650000000005,-3051.4608200000002
2026-02-27 21:00:00+00:00,0.3,0.439999,996.2449790000001,0.0,12.880443249999999,183.55446799999999,812.98740825,2006.4072975000001,0.0,0.0,5003.3125,2006.4072975000001,5003.3125,-2996.9052025
2026-02-27 22:00:00+00:00,0.3,0.439999,992.1337335000001,0.0,14.73158,129.23843675,798.1406294999999,1934.9843787500001,0.0,0.0,4854.47,1934.9843787500001,4854.47,-2919.48562125
2026-02-27 23:00:00+00:00,0.3,0.439999,991.88079975,0.0,14.7202695,122.2117245,694.50890175,1824.0616945,0.0,0.0,4711.645,1824.0616945,4711.645,-2887.5833055000003
2026-02-28 00:00:00+00:00,0.3,0.439999,989.17283,0.0,15.562161249999999,117.16181275,702.19365075,1824.83045375,0.0,0.0,4613.275,1824.83045375,4613.275,-2788.44454625
2026-02-28 01:00:00+00:00,0.3,0.439999,990.9652175,0.0,14.551566000000001,88.9176205,671.98330725,1767.15771025,0.0,0.0,4516.405000000001,1767.15771025,4516.405000000001,-2749.2472897500006
2026-02-28 02:00:00+00:00,0.3,0.439999,987.4903955,0.0,15.42070725,69.63373075,648.11028925,1721.39512175,0.0,0.0,4511.9425,1721.39512175,4511.9425,-2790.5473782500003
2026-02-28 03:00:00+00:00,0.3,0.439999,981.14324925,0.0,14.58829075,52.793625750000004,650.85088275,1700.1160475000001,0.0,0.0,4514.055,1700.1160475000001,4514.055,-2813.9389525
2026-02-28 04:00:00+00:00,0.200111,0.439999,982.802539,0.0,15.39771775,37.88453125,632.21539175,1668.94028975,0.0,0.0,4543.665,1668.94028975,4543.665,-2874.72471025
2026-02-28 05:00:00+00:00,0.2999165,0.439999,976.23966375,0.0,17.3097585,37.0041535,579.5600812499999,1610.8535725,0.0,0.0,4636.695,1610.8535725,4636.695,-3025.8414274999996
2026-02-28 06:00:00+00:00,0.3,0.439999,977.3485647499999,0.0,18.1450035,39.513775,645.955194,1681.7025362499999,0.0,0.0,4785.34,1681.7025362499999,4785.34,-3103.6374637500003
2026-02-28 07:00:00+00:00,0.3,0.439999,975.91361325,0.0,16.762608,39.36148525,701.7726825,1734.550388,0.0,0.0,5048.2225,1734.550388,5048.2225,-3313.6721119999997
2026-02-28 08:00:00+00:00,0.3,0.439999,971.5392075,0.26519175,16.95984,14.01298425,788.01221725,1791.5294397500002,0.0,0.0,5239.1125,1791.5294397500002,5239.1125,-3447.58306025
2026-02-28 09:00:00+00:00,0.3,0.439999,969.96651675,0.99150125,16.491279,23.14486925,783.93241225,1795.2665775,0.0,0.0,5284.9349999999995,1795.2665775,5284.9349999999995,-3489.6684224999995
2026-02-28 10:00:00+00:00,0.3,0.439999,964.96858875,1.291061,16.62850275,44.6715655,719.78808625,1748.08780325,0.0,0.0,5229.8625,1748.08780325,5229.8625,-3481.77469675
2026-02-28 11:00:00+00:00,0.3,0.439999,955.34643975,1.1903415,15.63260625,32.263067,722.04318375,1727.2156372499999,0.0,0.0,5215.8375,1727.2156372499999,5215.8375,-3488.6218627499998
2026-02-28 12:00:00+00:00,0.3,0.439999,957.5946542500001,1.16852425,15.7429475,17.249352000000002,706.8779872499999,1699.37346425,0.0,0.0,5150.2325,1699.37346425,5150.2325,-3450.8590357499997
2026-02-28 13:00:00+00:00,0.3,0.439999,955.0814439999999,0.8310715,16.57126225,25.60934675,714.230268,1713.0633914999999,0.0,0.0,5145.235000000001,1713.0633914999999,5145.235000000001,-3432.1716085000007
2026-02-28 14:00:00+00:00,0.3,0.439999,957.5796144999999,0.49949775,14.98198825,27.6761515,822.9231494999999,1824.4004004999997,0.0,0.0,5205.37,1824.4004004999997,5205.37,-3380.9695995
2026-02-28 15:00:00+00:00,0.3,0.439999,962.97221775,0.075353,14.995578,37.11640075,839.83534925,1855.73489775,0.0,0.0,5238.1075,1855.73489775,5238.1075,-3382.37260225
2026-02-28 16:00:00+00:00,0.3,0.439999,963.8096027500001,0.0,13.03004,52.364047,821.9819585,1851.92564725,0.0,0.0,5354.2425,1851.92564725,5354.2425,-3502.31685275
2026-02-28 17:00:00+00:00,0.3,0.439999,955.89747975,0.0,12.86265275,82.018538,857.8542445,1909.372914,0.0,0.0,5417.7125,1909.372914,5417.7125,-3508.3395859999996
2026-02-28 18:00:00+00:00,0.3,0.439999,960.35901475,0.0,14.9330015,81.579703,913.84621875,1971.4579370000001,0.0,0.0,5340.9825,1971.4579370000001,5340.9825,-3369.524563
2026-02-28 19:00:00+00:00,0.3,0.439999,959.7956205,0.0,14.455263500000001,133.17314525,885.77728575,1993.9413140000001,0.0,0.0,5242.1875,1993.9413140000001,5242.1875,-3248.246186
2026-02-28 20:00:00+00:00,0.3,0.439999,960.39407375,0.0,14.803789,124.35967425000001,868.14785175,1968.44538775,0.0,0.0,5146.61,1968.44538775,5146.61,-3178.1646122499997
2026-02-28 21:00:00+00:00,0.3,0.439999,955.249189,0.0,15.5656835,100.674729,829.18278675,1901.41238725,0.0,0.0,5098.9175,1901.41238725,5098.9175,-3197.5051127499996
2026-02-28 22:00:00+00:00,0.3,0.439999,949.780828,0.0,15.164181,87.47103925,755.5141345,1808.67018175,0.0,0.0,4971.8375,1808.67018175,4971.8375,-3163.16731825
2026-02-28 23:00:00+00:00,0.3,0.439999,948.72246825,0.0,16.578729,99.35386525,737.16156275,1802.55662425,0.0,0.0,4847.57,1802.55662425,4847.57,-3045.01337575
2026-03-01 00:00:00+00:00,0.3,0.439999,943.3607545,0.0,16.25171075,92.96811224999999,660.74019125,1714.06076775,0.0,0.0,4709.8,1714.06076775,4709.8,-2995.73923225
2026-03-01 01:00:00+00:00,0.3,0.439999,939.3661305,0.0,16.647832,82.7068925,647.7431712499999,1687.20402525,0.0,0.0,4575.9125,1687.20402525,4575.9125,-2888.7084747500003
2026-03-01 02:00:00+00:00,0.3,0.439999,938.72494175,0.0,17.2599515,104.08100875,647.2731807499999,1708.07908175,0.0,0.0,4487.4375,1708.07908175,4487.4375,-2779.35841825
2026-03-01 03:00:00+00:00,0.3,0.439999,938.4839225000001,0.0,15.3382595,100.57511425,657.2551062499999,1712.3924015,0.0,0.0,4462.28,1712.3924015,4462.28,-2749.8875984999995
2026-03-01 04:00:00+00:00,0.3,0.439999,940.39840875,0.0,16.29730625,92.74591325,635.06737575,1685.249003,0.0,0.0,4494.262500000001,1685.249003,4494.262500000001,-2809.013497000001
2026-03-01 05:00:00+00:00,0.3,0.439999,945.963281,0.0,17.09287175,64.96851575000001,638.738265,1667.5029325,0.0,0.0,4566.07,1667.5029325,4566.07,-2898.5670674999997
2026-03-01 06:00:00+00:00,0.3,0.439999,953.35424975,0.0,19.765674,42.33364375,690.390779,1706.5843455,0.0,0.0,4629.3099999999995,1706.5843455,4629.3099999999995,-2922.7256544999996
2026-03-01 07:00:00+00:00,0.3,0.439999,950.1224545,0.0499165,18.841442,31.242692499999997,653.5018865,1654.498391,0.0,0.0,4842.63,1654.498391,4842.63,-3188.131609
2026-03-01 08:00:00+00:00,0.3,0.439999,949.55029875,0.19880550000000002,19.23824025,21.047518750000002,681.906056,1672.68091825,0.0,0.0,4952.755,1672.68091825,4952.755,-3280.07408175
2026-03-01 09:00:00+00:00,0.3,0.439999,952.87144325,0.3586515,18.5490625,18.77225225,642.223758,1633.5151664999999,0.0,0.0,4949.0175,1633.5151664999999,4949.0175,-3315.5023335
2026-03-01 10:00:00+00:00,0.3,0.439999,950.551053,0.42491650000000003,17.85584975,11.131509,588.6289147499999,1569.332242,0.0,0.0,4885.4775,1569.332242,4885.4775,-3316.145258
2026-03-01 11:00:00+00:00,0.3,0.439999,949.21742225,0.49896725,17.44299025,18.18626325,579.98921,1566.074852,0.0,0.0,4839.6525,1566.074852,4839.6525,-3273.5776480000004
2026-03-01 12:00:00+00:00,0.3,0.439999,952.34984425,0.5,17.41767875,13.6915205,589.47408525,1574.1731277500003,0.0,0.0,4795.7025,1574.1731277500003,4795.7025,-3221.52937225
2026-03-01 13:00:00+00:00,0.3,0.439999,950.3612304999999,0.5749995,17.322209,14.6220645,546.8836725,1530.504175,0.0,0.0,4739.172500000001,1530.504175,4739.172500000001,-3208.6683250000006
2026-03-01 14:00:00+00:00,0.2000555,0.439999,951.424943,0.454939,16.556417,13.2307845,627.3696104999999,1609.6767485,0.0,0.0,4795.13,1609.6767485,4795.13,-3185.4532515
2026-03-01 15:00:00+00:00,0.2999165,0.439999,966.44481075,0.10030525000000001,16.3159645,11.84178375,753.79155775,1749.2343375,0.0,0.0,4887.99,1749.2343375,4887.99,-3138.7556624999997
2026-03-01 16:00:00+00:00,0.3,0.439999,967.3420955,0.0,15.53379775,14.850907,889.0150915,1887.48189075,0.0,0.0,5061.27,1887.48189075,5061.27,-3173.78810925
2026-03-01 17:00:00+00:00,0.3,0.439999,967.7318554999999,0.0,15.01156375,14.53868,983.557996,1981.58009425,0.0,0.0,5216.455,1981.58009425,5216.455,-3234.87490575
2026-03-01 18:00:00+00:00,0.3,0.439999,973.13357575,0.0,15.62900175,11.6869175,946.564291,1947.753785,0.0,0.0,5244.24,1947.753785,5244.24,-3296.486215
2026-03-01 19:00:00+00:00,0.3,0.439999,972.4908435,0.0,16.1932775,8.751937250000001,917.3275755,1915.50363275,0.0,0.0,5252.6900000000005,1915.50363275,5252.6900000000005,-3337.1863672500003
2026-03-01 20:00:00+00:00,0.3,0.439999,967.55552375,0.0,15.987742,7.06771675,792.863166,1784.2141475,0.0,0.0,5198.485,1784.2141475,5198.485,-3414.2708525
2026-03-01 21:00:00+00:00,0.3,0.439999,963.34630925,0.0,16.13983375,2.11570675,762.51215725,1744.854006,0.0,0.0,5133.355,1744.854006,5133.355,-3388.5009939999995
2026-03-01 22:00:00+00:00,0.3,0.439999,969.2474,0.0,16.2403845,0.7139015000000001,653.8023055,1640.7439905,0.0,0.0,5009.0725,1640.7439905,5009.0725,-3368.3285095
2026-03-01 23:00:00+00:00,0.3,0.439999,967.1164795,0.0,17.383957,0.0027925,511.9815985,1497.2248265,0.0,0.0,4897.995,1497.2248265,4897.995,-3400.7701735
2026-03-02 00:00:00+00:00,0.3,0.439999,966.1909885,0.0,16.289904,0.0,521.6222235,1504.8431150000001,0.0,0.0,4787.57,1504.8431150000001,4787.57,-3282.7268849999996
2026-03-02 01:00:00+00:00,0.3,0.439999,964.42126125,0.0,16.09214175,0.0,506.12971325,1487.3831152500002,0.0,0.0,4679.345,1487.3831152500002,4679.345,-3191.96188475
2026-03-02 02:00:00+00:00,0.3,0.439999,967.9014625,0.0,17.1861765,1.3290275,498.88170525,1486.03837075,0.0,0.0,4612.65,1486.03837075,4612.65,-3126.6116292499996
2026-03-02 03:00:00+00:00,0.3,0.439999,968.82269975,0.0,16.465463,4.2544175,510.27202324999996,1500.5546024999999,0.0,0.0,4611.87,1500.5546024999999,4611.87,-3111.3153975
2026-03-02 04:00:00+00:00,0.3,0.439999,976.72515975,0.0,17.05793275,9.87110575,617.72631025,1622.1205074999998,0.0,0.0,4756.75,1622.1205074999998,4756.75,-3134.6294925
2026-03-02 05:00:00+00:00,0.3,0.439999,972.3952205,0.0,16.88505475,33.9539345,757.8736595,1781.8478682500001,0.0,0.0,5264.1775,1781.8478682500001,5264.1775,-3482.32963175
2026-03-02 06:00:00+00:00,0.3,0.439999,973.6030635,0.0,15.60309125,73.62710824999999,783.002907,1846.576169,0.0,0.0,5705.215,1846.576169,5705.215,-3858.638831
2026-03-02 07:00:00+00:00,0.3,0.439999,974.488435,0.24361899999999997,14.84741775,110.96665675,767.2684065,1868.5545339999999,0.0,0.0,5827.5475,1868.5545339999999,5827.5475,-3958.992966
2026-03-02 08:00:00+00:00,0.3,0.439999,969.4837845,0.562361,14.970825999999999,119.8946345,847.29994075,1952.9515457500002,0.0,0.0,5890.005,1952.9515457500002,5890.005,-3937.05345425
2026-03-02 09:00:00+00:00,0.3,0.439999,976.71798425,1.51083825,13.8774875,128.5716075,848.35226,1969.7701765000002,0.0,0.0,5907.9925,1969.7701765000002,5907.9925,-3938.2223235
2026-03-02 10:00:00+00:00,0.3,0.439999,972.22002825,1.8077192499999999,14.4002475,145.649382,778.443217,1913.260593,0.0,0.0,5826.76,1913.260593,5826.76,-3913.4994070000002
2026-03-02 11:00:00+00:00,0.3,0.439999,975.5623245,1.80427225,14.8650855,128.52042275,747.307194,1868.7992980000001,0.0,0.0,5753.74,1868.7992980000001,5753.74,-3884.940702
2026-03-02 12:00:00+00:00,0.3,0.439999,983.66429275,1.66636925,14.40431875,149.78263175,727.1987825,1877.4563939999998,0.0,0.0,5724.3125,1877.4563939999998,5724.3125,-3846.856106
2026-03-02 13:00:00+00:00,0.3,0.439999,989.316702,1.13755375,14.623913,179.33576175,794.48483575,1979.63876525,0.0,0.0,5708.0275,1979.63876525,5708.0275,-3728.3887347500004
2026-03-02 14:00:00+00:00,0.3,0.439999,995.23251375,0.604044,15.267628,178.4867285,824.534969,2014.86588225,0.0,0.0,5689.5525,2014.86588225,5689.5525,-3674.6866177499996
2026-03-02 15:00:00+00:00,0.3,0.439999,1000.47147725,0.24699675,13.5366185,256.97622125,949.3941452500001,2221.365458,0.0,0.0,5777.135,2221.365458,5777.135,-3555.769542
2026-03-02 16:00:00+00:00,0.3,0.439999,996.1480007499999,0.00025225,10.792577,290.27061875000004,861.3123344999999,2159.26378225,0.0,0.0,5762.8925,2159.26378225,5762.8925,-3603.62871775
2026-03-02 17:00:00+00:00,0.3,0.439999,990.312528,0.0,10.849419000000001,274.6701785,911.6594395,2188.2315639999997,0.0,0.0,5672.4125,2188.2315639999997,5672.4125,-3484.1809360000007
2026-03-02 18:00:00+00:00,0.3,0.439999,991.23405475,0.0,11.134857,298.4922825,936.7134655,2238.31465875,0.0,0.0,5592.7725,2238.31465875,5592.7725,-3354.45784125
2026-03-02 19:00:00+00:00,0.3,0.439999,998.0350675,0.0,12.3210015,289.960364,937.63685,2238.6932819999997,0.0,0.0,5523.62,2238.6932819999997,5523.62,-3284.926718
2026-03-02 20:00:00+00:00,0.3,0.439999,996.79961775,0.0,13.244646750000001,296.85468475,865.1314649999999,2172.7704132500003,0.0,0.0,5384.88,2172.7704132500003,5384.88,-3212.10958675
2026-03-02 21:00:00+00:00,0.3,0.439999,998.80251325,0.0,14.07169075,300.441332,829.217514,2143.273049,0.0,0.0,5169.7325,2143.273049,5169.7325,-3026.459451
2026-03-02 22:00:00+00:00,0.3,0.439999,1000.7921165,0.0,15.256667499999999,294.64213125000003,762.682458,2074.11337225,0.0,0.0,4906.24,2074.11337225,4906.24,-2832.12662775
2026-03-02 23:00:00+00:00,0.3,0.439999,995.7303764999999,0.0,15.12183825,331.34149125,700.41328625,2043.34699125,0.0,0.0,4650.94,2043.34699125,4650.94,-2607.5930087499996
2026-03-03 00:00:00+00:00,0.3,0.439999,1002.0446575000001,0.0,15.48316775,347.85541125,684.46765075,2050.59088625,0.0,0.0,4502.755,2050.59088625,4502.755,-2452.16411375
2026-03-03 01:00:00+00:00,0.3,0.439999,996.882076,0.0,15.592408,361.83317525,688.6709935,2063.71865175,0.0,0.0,4393.530000000001,2063.71865175,4393.530000000001,-2329.8113482500007
2026-03-03 02:00:00+00:00,0.3,0.439999,994.31037975,0.0,16.175733,364.554558,678.53680175,2054.3174715,0.0,0.0,4319.9,2054.3174715,4319.9,-2265.5825284999996
2026-03-03 03:00:00+00:00,0.3,0.439999,993.3450290000001,0.0,15.301673749999999,357.85271824999995,706.8654045000001,2074.1048245,0.0,0.0,4321.485,2074.1048245,4321.485,-2247.3801754999995
2026-03-03 04:00:00+00:00,0.3,0.439999,993.24287825,0.0,15.03407225,343.19446949999997,818.627197,2170.838616,0.0,0.0,4421.1825,2170.838616,4421.1825,-2250.343884
2026-03-03 05:00:00+00:00,0.3,0.439999,992.369146,0.0,16.70594275,332.66098625,807.2214445,2149.6975185,0.0,0.0,4851.2175,2149.6975185,4851.2175,-2701.5199814999996
2026-03-03 06:00:00+00:00,0.3,0.439999,995.27762375,0.0,15.476809249999999,319.077234,856.7319355,2187.3036015,0.0,0.0,5307.8724999999995,2187.3036015,5307.8724999999995,-3120.5688984999997
2026-03-03 07:00:00+00:00,0.3,0.439999,990.06662675,0.27207749999999997,14.34584375,308.38657325,795.903999,2109.71511925,0.0,0.0,5455.83,2109.71511925,5455.83,-3346.11488075
2026-03-03 08:00:00+00:00,0.3,0.439999,981.92888425,0.75425975,14.541304499999999,308.19238175,680.9113345000001,1987.0681637500002,0.0,0.0,5392.645,1987.0681637500002,5392.645,-3405.5768362500003
2026-03-03 09:00:00+00:00,0.3,0.439999,973.622974,2.12036,15.18644975,317.47584374999997,545.1534875,1854.299114,0.0,0.0,5281.0475,1854.299114,5281.0475,-3426.7483859999998
2026-03-03 10:00:00+00:00,0.3,0.439999,964.5079725,2.8791390000000003,15.42674625,307.4306065,426.79360575,1717.778069,0.0,0.0,5113.0425,1717.778069,5113.0425,-3395.2644309999996
2026-03-03 11:00:00+00:00,0.3,0.439999,973.13561025,3.450882,15.704883,272.46524675,465.00451375,1730.50113475,0.0,0.0,4920.6900000000005,1730.50113475,4920.6900000000005,-3190.1888652500006
2026-03-03 12:00:00+00:00,0.3,0.439999,982.5895325,3.1879065,15.6569595,309.20463574999997,426.97916525,1738.3581985,0.0,0.0,4782.555,1738.3581985,4782.555,-3044.1968015
2026-03-03 13:00:00+00:00,0.3,0.439999,979.29055475,2.34321675,16.0455085,325.39229875,430.25940275,1754.0709805,0.0,0.0,4766.39,1754.0709805,4766.39,-3012.3190195000006
2026-03-03 14:00:00+00:00,0.3,0.439999,986.8923365,1.65836825,14.85479225,299.22372725,622.92531,1926.2945332499999,0.0,0.0,4770.0725,1926.2945332499999,4770.0725,-2843.7779667500004
2026-03-03 15:00:00+00:00,0.3,0.439999,989.78904075,0.6670532499999999,14.272642000000001,305.9360395,779.6123492500001,2091.01712375,0.0,0.0,4892.345,2091.01712375,4892.345,-2801.3278762500004
2026-03-03 16:00:00+00:00,0.3,0.439999,987.030336,0.00042325,14.03381375,325.19589475,944.837177,2271.83764375,0.0,0.0,5103.0625,2271.83764375,5103.0625,-2831.22485625
2026-03-03 17:00:00+00:00,0.3,0.439999,976.52534675,0.0,11.19155325,269.69744249999997,953.67968425,2211.8340257500004,0.0,0.0,5201.2775,2211.8340257500004,5201.2775,-2989.44347425
2026-03-03 18:00:00+00:00,0.3,0.439999,980.304602,0.0,10.66251,270.460599,945.8932695,2208.0609795,0.0,0.0,5207.6875,2208.0609795,5207.6875,-2999.6265205
2026-03-03 19:00:00+00:00,0.3,0.439999,973.32856025,0.0,11.9325325,336.9197785,937.6315915,2260.55246175,0.0,0.0,5172.56,2260.55246175,5172.56,-2912.0075382500004
2026-03-03 20:00:00+00:00,0.3,0.439999,983.16040175,0.0,14.91818175,277.28061125,889.5278555,2165.62704925,0.0,0.0,5088.9275,2165.62704925,5088.9275,-2923.30045075
2026-03-03 21:00:00+00:00,0.3,0.439999,997.52051475,0.0,15.47735775,290.24566500000003,857.295703,2161.2792394999997,0.0,0.0,4982.36,2161.2792394999997,4982.36,-2821.0807605
2026-03-03 22:00:00+00:00,0.3,0.439999,997.7898905,0.0,15.16203825,327.98507175,777.0361935,2118.713193,0.0,0.0,4770.0875,2118.713193,4770.0875,-2651.3743069999996
2026-03-03 23:00:00+00:00,0.3,0.439999,994.01173025,0.0,15.76243175,278.12645825,723.6492095,2012.2898287500002,0.0,0.0,4579.68,2012.2898287500002,4579.68,-2567.39017125
2026-03-04 00:00:00+00:00,0.3,0.439999,997.17291175,0.0,17.087321,295.92963399999996,718.64883775,2029.5787034999998,0.0,0.0,4447.6175,2029.5787034999998,4447.6175,-2418.0387965000004
2026-03-04 01:00:00+00:00,0.3,0.439999,1001.47163275,0.0,17.3827995,327.99529475,714.81311525,2062.40284125,0.0,0.0,4375.780000000001,2062.40284125,4375.780000000001,-2313.3771587500005
2026-03-04 02:00:00+00:00,0.3,0.439999,997.557801,0.0,18.561783000000002,311.9747175,683.96093275,2012.7952332500001,0.0,0.0,4366.09,2012.7952332500001,4366.09,-2353.2947667500002
2026-03-04 03:00:00+00:00,0.3,0.439999,996.96942525,0.0,17.366354,270.115227,664.53786575,1949.728871,0.0,0.0,4374.5125,1949.728871,4374.5125,-2424.7836289999996
2026-03-04 04:00:00+00:00,0.3,0.439999,990.24768575,0.0,17.710997,281.53089275,689.96013925,1980.18971375,0.0,0.0,4487.6675,1980.18971375,4487.6675,-2507.4777862499996
2026-03-04 05:00:00+00:00,0.3,0.439999,987.88456425,0.0,18.2618905,299.09241325,746.9025967499999,2052.88146375,0.0,0.0,4919.0575,2052.88146375,4919.0575,-2866.17603625
2026-03-04 06:00:00+00:00,0.3,0.439999,992.65348225,0.0,16.57926225,302.14494425,954.54178675,2266.6594745,0.0,0.0,5368.6475,2266.6594745,5368.6475,-3101.9880255
2026-03-04 07:00:00+00:00,0.3,0.439999,988.03821975,0.5072237500000001,15.945929750000001,282.57112325,882.6053440000001,2170.4078395,0.0,0.0,5484.405,2170.4078395,5484.405,-3313.9971604999996
2026-03-04 08:00:00+00:00,0.3,0.439999,976.03208075,0.961308,14.887214499999999,206.44377724999998,817.71426425,2016.7786437500001,0.0,0.0,5410.8575,2016.7786437500001,5410.8575,-3394.07885625
2026-03-04 09:00:00+00:00,0.3,0.439999,979.9979237499999,1.89042575,14.29915725,221.3892075,621.91225775,1840.2289709999998,0.0,0.0,5267.29,1840.2289709999998,5267.29,-3427.0610290000004
2026-03-04 10:00:00+00:00,0.3,0.439999,986.3025494999999,2.2708755,18.46595325,247.99722075,505.8959985,1761.6725965,0.0,0.0,5253.65,1761.6725965,5253.65,-3491.9774034999996
2026-03-04 11:00:00+00:00,0.3,0.439999,987.01115475,2.6980192499999998,13.006101,184.72741025,583.96114275,1772.1438269999999,0.0,0.0,5177.1,1772.1438269999999,5177.1,-3404.9561730000005
2026-03-04 12:00:00+00:00,0.3,0.439999,995.549768,3.241398,13.112224000000001,140.59068324999998,592.75662175,1745.9906939999998,0.0,0.0,5095.0599999999995,1745.9906939999998,5095.0599999999995,-3349.0693059999994
2026-03-04 13:00:00+00:00,0.3,0.439999,998.012475,1.88019025,13.98674975,175.77375700000002,612.011847,1802.405018,0.0,0.0,4996.2675,1802.405018,4996.2675,-3193.862482
2026-03-04 14:00:00+00:00,0.3,0.439999,992.2617505000001,1.49781225,15.300946,121.14506725,724.11475025,1855.06032525,0.0,0.0,4952.9275,1855.06032525,4952.9275,-3097.86717475
2026-03-04 15:00:00+00:00,0.3,0.439999,1005.10366225,0.5156514999999999,15.0354495,117.37301825,942.8946342500001,2081.66241475,0.0,0.0,4986.2875,2081.66241475,4986.2875,-2904.62508525
2026-03-04 16:00:00+00:00,0.3,0.439999,1004.868325,0.0006665,13.97811375,113.09293975,1022.4387502500001,2155.11879425,0.0,0.0,5128.83,2155.11879425,5128.83,-2973.71120575
2026-03-04 17:00:00+00:00,0.3,0.439999,1001.80885625,0.0,12.6727185,150.39481075,954.940859,2120.5572435,0.0,0.0,5266.34,2120.5572435,5266.34,-3145.7827565000002
2026-03-04 18:00:00+00:00,0.3,0.439999,998.463668,0.0,11.4775565,136.91911,963.32193125,2110.92226475,0.0,0.0,5313.835,2110.92226475,5313.835,-3202.91273525
2026-03-04 19:00:00+00:00,0.3,0.439999,995.5682785,0.0,13.04634125,156.150983,904.579444,2070.08504575,0.0,0.0,5314.1425,2070.08504575,5314.1425,-3244.05745425
2026-03-04 20:00:00+00:00,0.3,0.439999,998.54116,0.0,13.70335925,147.208164,935.69099075,2095.883673,0.0,0.0,5241.9475,2095.883673,5241.9475,-3146.0638270000004
2026-03-04 21:00:00+00:00,0.3,0.439999,1002.74563775,0.0,15.30295075,97.2489655,873.20729925,1989.2448522500001,0.0,0.0,5142.01,1989.2448522500001,5142.01,-3152.7651477500003
2026-03-04 22:00:00+00:00,0.3,0.439999,999.2143135,0.0,14.3083675,83.32169825,827.9939495,1925.57832775,0.0,0.0,4935.1325,1925.57832775,4935.1325,-3009.5541722499997
2026-03-04 23:00:00+00:00,0.3,0.439999,1000.90704425,0.0,14.03896625,74.277848,652.40985375,1742.3737112500003,0.0,0.0,4765.77,1742.3737112500003,4765.77,-3023.39628875
2026-03-05 00:00:00+00:00,0.3,0.439999,1002.0419855,0.0,13.745129500000001,32.07772625,655.412114,1704.01695425,0.0,0.0,4692.66,1704.01695425,4692.66,-2988.64304575
2026-03-05 01:00:00+00:00,0.20016650000000002,0.439999,1011.43945275,0.0,14.3796405,60.35405625,633.36067375,1720.1739887499998,0.0,0.0,4635.78,1720.1739887499998,4635.78,-2915.60601125
2026-03-05 02:00:00+00:00,0.2,0.439999,1015.85013,0.0,14.514582749999999,53.1872275,650.39185225,1734.5837915000002,0.0,0.0,4621.93,1734.5837915000002,4621.93,-2887.3462085
2026-03-05 03:00:00+00:00,0.29983325,0.439999,1005.0976405,0.0,14.875151,21.66361775,642.4053630000001,1684.7816045,0.0,0.0,4661.5625,1684.7816045,4661.5625,-2976.7808955
2026-03-05 04:00:00+00:00,0.20019425000000002,0.439999,1001.7874765,0.0,14.894172000000001,15.464775,757.2247425,1790.0113592500002,0.0,0.0,4784.855,1790.0113592500002,4784.855,-2994.8436407499994
2026-03-05 05:00:00+00:00,0.2,0.439999,1002.12924575,0.0,14.27627475,13.9070345,921.075299,1952.027853,0.0,0.0,5247.7725,1952.027853,5247.7725,-3295.744647
2026-03-05 06:00:00+00:00,0.2,0.439999,1003.4491535,0.0,14.57726225,14.02242075,996.1005954999999,2028.7894309999997,0.0,0.0,5708.7925,2028.7894309999997,5708.7925,-3680.003069
2026-03-05 07:00:00+00:00,0.29983325,0.439999,999.78569925,0.7375192500000001,14.93509675,21.318275999999997,873.46845575,1910.98487925,0.0,0.0,5779.1375,1910.98487925,5779.1375,-3868.15262075
2026-03-05 08:00:00+00:00,0.3,0.439999,994.1572785,1.511857,14.80985875,21.0847735,676.2080335,1708.51180025,0.0,0.0,5585.032499999999,1708.51180025,5585.032499999999,-3876.520699749999
2026-03-05 09:00:00+00:00,0.3,0.439999,990.2488862499999,2.75713075,11.191574,7.48290425,673.01917825,1685.4396725,0.0,0.0,5370.8925,1685.4396725,5370.8925,-3685.4528275000002
2026-03-05 10:00:00+00:00,0.3,0.439999,997.74253575,3.1218079999999997,9.6997325,9.64970525,547.11573025,1568.06951075,0.0,0.0,5168.2,1568.06951075,5168.2,-3600.1304892499998
2026-03-05 11:00:00+00:00,0.3,0.439999,1001.9874535,3.6651395,12.24988025,12.11498775,551.0305885,1581.7880485,0.0,0.0,5029.5775,1581.7880485,5029.5775,-3447.7894515000003
2026-03-05 12:00:00+00:00,0.3,0.439999,1011.5225479999999,3.73904925,15.95817375,12.87895175,569.87483375,1614.7135555,0.0,0.0,4924.4275,1614.7135555,4924.4275,-3309.7139445
2026-03-05 13:00:00+00:00,0.3,0.439999,1011.2099835,2.9697195,15.7532775,43.35882425,614.21677825,1688.2485820000002,0.0,0.0,4849.65,1688.2485820000002,4849.65,-3161.4014179999995
2026-03-05 14:00:00+00:00,0.2000555,0.439999,1011.484218,1.97174325,16.6630515,73.99848075,668.860688,1773.618236,0.0,0.0,4883.5125,1773.618236,4883.5125,-3109.8942639999996
2026-03-05 15:00:00+00:00,0.2,0.439999,1015.5935717499999,0.66089725,15.232574249999999,127.14720650000001,852.47005625,2011.744305,0.0,0.0,4998.16,2011.744305,4998.16,-2986.4156949999997
2026-03-05 16:00:00+00:00,0.2,0.439999,1012.78631425,0.098745,13.82123525,216.2194925,1056.77425625,2300.34004225,0.0,0.0,5142.3225,2300.34004225,5142.3225,-2841.9824577500003
2026-03-05 17:00:00+00:00,0.2,0.439999,1002.8613272499999,8.325e-05,7.4492614999999995,298.18177725,1019.062388,2328.1948362499998,0.0,0.0,5265.35,2328.1948362499998,5265.35,-2937.1551637500006
2026-03-05 18:00:00+00:00,0.2,0.439999,995.193713,0.0,9.154291,257.4756535,947.49900625,2209.96266275,0.0,0.0,5299.5725,2209.96266275,5299.5725,-3089.60983725
2026-03-05 19:00:00+00:00,0.2,0.439999,991.6518345,0.0,13.01722125,232.2467435,839.3229365,2076.87873475,0.0,0.0,5283.1075,2076.87873475,5283.1075,-3206.22876525
2026-03-05 20:00:00+00:00,0.2,0.439999,991.029451,0.0,14.009733749999999,201.09690799999998,769.9933052499999,1976.769397,0.0,0.0,5225.4025,1976.769397,5225.4025,-3248.633103
2026-03-05 21:00:00+00:00,0.2,0.439999,1001.0231974999999,0.0,14.27606175,192.58607575,761.40839675,1969.93373075,0.0,0.0,5115.2425,1969.93373075,5115.2425,-3145.3087692500003
2026-03-05 22:00:00+00:00,0.2,0.439999,996.165973,0.0,13.9976,190.951699,821.7618425000001,2023.5171135,0.0,0.0,4933.205,2023.5171135,4933.205,-2909.6878865
2026-03-05 23:00:00+00:00,0.2,0.439999,994.10356775,0.0,15.17985225,209.5336205,685.005982,1904.4630215000002,0.0,0.0,4799.7125,1904.4630215000002,4799.7125,-2895.2494784999994
2026-03-06 00:00:00+00:00,0.2,0.439999,999.03293,0.0,14.604557499999999,237.97207175,751.28114525,2003.5307034999998,0.0,0.0,4644.62,2003.5307034999998,4644.62,-2641.0892965000003
2026-03-06 01:00:00+00:00,0.2,0.439999,998.760895,0.0,15.33907975,264.14253475,756.75190275,2035.6344112499999,0.0,0.0,4524.1475,2035.6344112499999,4524.1475,-2488.51308875
2026-03-06 02:00:00+00:00,0.2,0.439999,995.9322482499999,0.0,16.74949725,272.91721725,777.4309519999999,2063.66991375,0.0,0.0,4475.3275,2063.66991375,4475.3275,-2411.6575862500003
2026-03-06 03:00:00+00:00,0.2,0.439999,998.2022167499999,0.0,15.888050499999999,240.083214,815.78837375,2070.601854,0.0,0.0,4476.57,2070.601854,4476.57,-2405.9681459999997
2026-03-06 04:00:00+00:00,0.2,0.439999,996.20448625,0.0,15.01550225,235.5111405,850.20071625,2097.57184425,0.0,0.0,4618.1,2097.57184425,4618.1,-2520.52815575
2026-03-06 05:00:00+00:00,0.2,0.439999,992.71411325,0.0,15.77189725,262.35681775,901.8561945,2173.33902175,0.0,0.0,5063.325,2173.33902175,5063.325,-2889.98597825
2026-03-06 06:00:00+00:00,0.2,0.439999,999.590663,0.0,15.17675225,238.01840325,1037.6338785,2291.0596960000003,0.0,0.0,5542.25,2291.0596960000003,5542.25,-3251.1903039999997
2026-03-06 07:00:00+00:00,0.2,0.439999,994.91510725,0.80742,14.78871075,244.53177875,929.5571757499999,2185.2401915,0.0,0.0,5672.03,2185.2401915,5672.03,-3486.7898084999997
2026-03-06 08:00:00+00:00,0.2,0.439999,990.0541035,1.5711015,14.366706,227.86253975,645.55046525,1880.044915,0.0,0.0,5642.545,1880.044915,5642.545,-3762.500085
2026-03-06 09:00:00+00:00,0.2,0.439999,973.39866975,2.17383325,14.14237525,181.77874624999998,618.3503352500001,1790.48395875,0.0,0.0,5543.095,1790.48395875,5543.095,-3752.61104125
2026-03-06 10:00:00+00:00,0.2,0.439999,979.6654,2.70341475,15.080877749999999,131.4062465,598.687761,1728.1836990000002,0.0,0.0,5432.422500000001,1728.1836990000002,5432.422500000001,-3704.2388010000004
2026-03-06 11:00:00+00:00,0.2,0.439999,996.0278375,3.02074025,14.97395625,82.3104975,514.1583909999999,1611.1314215,0.0,0.0,5332.7775,1611.1314215,5332.7775,-3721.6460785
2026-03-06 12:00:00+00:00,0.29994425,0.439999,984.051227,2.680503,14.53109825,68.43919925,405.32754725,1475.769518,0.0,0.0,5204.3724999999995,1475.769518,5204.3724999999995,-3728.6029819999994
2026-03-06 13:00:00+00:00,0.3,0.439999,1003.30188875,2.11109,14.86655175,85.269226,590.663819,1696.9525745,0.0,0.0,5150.753333333333,1696.9525745,5150.753333333333,-3453.800758833333
2026-03-06 14:00:00+00:00,0.2000555,0.439999,1022.5915845000001,1.4769865,14.00749425,41.52777275,682.7879007500001,1763.0317932500002,0.0,0.0,5148.475,1763.0317932500002,5148.475,-3385.44320675
2026-03-06 15:00:00+00:00,0.2,0.439999,1026.4719235,0.300687,13.39084,33.41976575,883.00990775,1957.233123,0.0,0.0,5209.5275,1957.233123,5209.5275,-3252.294377
2026-03-06 16:00:00+00:00,0.2,0.439999,1029.91218475,0.0002165,10.34680625,40.56618225,1048.94606725,2130.4114560000003,0.0,0.0,5318.0824999999995,2130.4114560000003,5318.0824999999995,-3187.6710439999993
2026-03-06 17:00:00+00:00,0.2,0.439999,1021.37942825,0.0,12.1387885,52.60187075,1064.763605,2151.5236915,0.0,0.0,5380.5599999999995,2151.5236915,5380.5599999999995,-3229.0363084999994
2026-03-06 18:00:00+00:00,0.2,0.439999,1013.65153475,0.0,11.855351,40.20803875,975.863325,2042.2182485,0.0,0.0,5315.6775,2042.2182485,5315.6775,-3273.4592514999995
2026-03-06 19:00:00+00:00,0.2,0.439999,988.5918055,0.0,12.72113375,43.62824425,952.84275025,1998.42393275,0.0,0.0,5172.37,1998.42393275,5172.37,-3173.94606725
2026-03-06 20:00:00+00:00,0.2,0.439999,974.5707945,0.0,13.300874,59.014523499999996,990.87425575,2038.40044675,0.0,0.0,5018.225,2038.40044675,5018.225,-2979.8245532500005
2026-03-06 21:00:00+00:00,0.2,0.439999,967.305818,0.0,14.3175455,61.821876,938.64824225,1982.7334807500001,0.0,0.0,4871.8875,1982.7334807500001,4871.8875,-2889.1540192499997
2026-03-06 22:00:00+00:00,0.2,0.439999,971.23232275,0.0,14.524082,69.56723575,954.87365025,2010.8372897499999,0.0,0.0,4677.5275,2010.8372897499999,4677.5275,-2666.6902102500003
2026-03-06 23:00:00+00:00,0.29988875,0.439999,975.795451,0.0,15.967107,85.9192745,779.3433102500001,1857.7650305,0.0,0.0,4466.445,1857.7650305,4466.445,-2608.6799695
